TDRS 3                  
1 19548U 88091B   26271.24811166 -.00000292  00000+0  00000+0 0  9992
2 19548  12.5263 340.3089 0038613 350.9014  76.3161  1.00268997126429
FLTSATCOM 8 (USA 46)    
1 20253U 89077A   26269.84740934 -.00000360  00000+0  00000+0 0  9995
2 20253  12.3954 350.5396 0003153 234.1845 211.6641  1.00266976261588
TDRS 5                  
1 21639U 91054B   26270.40565241  .00000092  00000+0  00000+0 0  9993
2 21639  14.0597 353.0073 0009411 248.2785 103.4127  1.00267534128738
TDRS 6                  
1 22314U 93003B   26271.07337766 -.00000288  00000+0  00000+0 0  9991
2 22314  14.1863 356.2832 0009714 204.8210 146.3774  1.00270199123438
UFO 2 (USA 95)          
1 22787U 93056A   26267.94087751  .00000132  00000+0  00000+0 0  9997
2 22787  11.9316   2.9890 0002719 248.2736 119.9037  1.00275378119552
UFO 4 (USA 108)         
1 23467U 95003A   26270.62152505 -.00000014  00000+0  00000+0 0  9996
2 23467   9.7095  12.7391 0002934 173.2348 216.4834  1.00271380115987
TDRS 7                  
1 23613U 95035B   26270.94334983 -.00000233  00000+0  00000+0 0  9994
2 23613  13.2955 347.4740 0010505  98.3468 349.7255  1.00269929114289
USA 115 (MILSTAR-1 2)   
1 23712U 95060A   26271.18103976 -.00000196  00000+0  00000+0 0  9993
2 23712  14.1099   2.9650 0006164 167.3394 171.9048  1.00272650 33912
INMARSAT 3-F1           
1 23839U 96020A   26270.65078103 -.00000160  00000+0  00000+0 0  9995
2 23839  10.8119  45.6598 0007272 160.8473 194.8595  1.00003975111279
INMARSAT 3-F2           
1 24307U 96053A   26270.98389315  .00000147  00000+0  00000+0 0  9992
2 24307  10.0857  52.8639 0005604 133.0432 218.1272  0.99983163109947
INMARSAT 3-F3           
1 24674U 96070A   26271.25963912 -.00000267  00000+0  00000+0 0  9994
2 24674  10.5379  48.6329 0006403 163.1729 188.2018  0.99987539108932
USA 134                 
1 25019U 97065A   26270.38930596 -.00000053  00000+0  00000+0 0  9991
2 25019  12.9050  20.9325 0003431 258.8767 114.1928  1.00268683 33984
INMARSAT 3-F5           
1 25153U 98006B   26271.06290025 -.00000282  00000+0  00000+0 0  9992
2 25153   9.9179  52.2001 0004800 141.7257 141.5878  1.00268987104923
ABS-6                   
1 25924U 99053A   26270.65043436 -.00000114  00000+0  00000+0 0  9991
2 25924   0.0246 114.5377 0001180  72.1496 212.9375  1.00271929 98864
UFO 10 (USA 146)        
1 25967U 99063A   26268.61870729 -.00000179  00000+0  00000+0 0  9996
2 25967   9.9345  26.6651 0004352 199.3265 338.3220  1.00274490 98359
ASIASTAR                
1 26107U 00016A   26270.35463973 -.00000324  00000+0  00000+0 0  9998
2 26107   9.3629  57.0276 0004237 139.6440  42.1455  1.00268612 96942
USA 149 (DSP 20)        
1 26356U 00024A   26270.96182953  .00000037  00000+0  00000+0 0  9996
2 26356  13.2767  11.1862 0002342 279.9764 138.2906  0.99004934 33951
TDRS 8                  
1 26388U 00034A   26270.96139863 -.00000184  00000+0  00000+0 0  9998
2 26388  12.8444  30.4312 0000903 145.1934 261.9209  1.00268439 96214
NSS-11                  
1 26554U 00059A   26271.27448948  .00000031  00000+0  00000+0 0  9992
2 26554   2.3848  80.0306 0003085 113.7348  88.1332  1.00271356 42320
USA 153                 
1 26575U 00065A   26271.21581413 -.00000317  00000+0  00000+0 0  9999
2 26575  11.8007  34.5397 0001657 155.3467  29.0513  1.00265542 33961
AMC-6                   
1 26580U 00067A   26271.24029309  .00000093  00000+0  00000+0 0  9991
2 26580   0.4090  83.3768 0004702 119.0698 116.0619  1.00272146 94929
USA 157 (MILSTAR-2 2)   
1 26715U 01009A   26268.16223328  .00000117  00000+0  00000+0 0  9999
2 26715  11.6527  19.1164 0043146 180.2767  72.9716  1.00270162 33946
INTELSAT 902 (IS-902)   
1 26900U 01039A   26270.95522141 -.00000275  00000+0  00000+0 0  9999
2 26900   6.3707  70.4815 0003908 117.7629 112.2777  1.00271037 91727
USA 164 (MILSTAR-2 3)   
1 27168U 02001A   26269.82027552  .00000106  00000+0  00000+0 0  9998
2 27168  11.3016  21.2628 0097821  10.2849 288.3140  1.00273688 33973
INTELSAT 904 (IS-904)   
1 27380U 02007A   26271.18270731 -.00000217  00000+0  00000+0 0  9995
2 27380   7.1705  67.9014 0003421 130.2102 203.1424  1.00269361 52795
DIRECTV 5 (TEMPO 1)     
1 27426U 02023A   26271.24660953 -.00000050  00000+0  00000+0 0  9995
2 27426   5.1338  73.9672 0003310 116.7376 155.0313  1.00271829 89156
INTELSAT 905 (IS-905)   
1 27438U 02027A   26271.14250472  .00000102  00000+0  00000+0 0  9999
2 27438   7.0052  68.5109 0003725 151.4546  61.0823  1.00272094 52396
GALAXY 3C (G-3C)        
1 27445U 02030A   26271.19197023 -.00000145  00000+0  00000+0 0  9996
2 27445   4.0011  76.6752 0001313  57.8987 206.6932  1.00271650 47523
INTELSAT 906 (IS-906)   
1 27513U 02041A   26270.98805317  .00000021  00000+0  00000+0 0  9994
2 27513   6.0578  71.6080 0003363 135.2656 219.7573  1.00272683 88055
NIMIQ 2                 
1 27632U 02062A   26270.46573742 -.00000060  00000+0  00000+0 0  9990
2 27632   9.6769  55.7779 0005970 128.6092 240.3681  1.00273235 45217
USA 167                 
1 27691U 03008A   26271.07145301  .00000014  00000+0  00000+0 0  9998
2 27691  11.1616  42.4530 0003256 274.8145 313.2763  1.00272490  7803
USA 169 (MILSTAR-2 4)   
1 27711U 03012A   26270.64904769 -.00000188  00000+0  00000+0 0  9992
2 27711  12.4894  28.1281 0095887  12.2627 351.8679  1.00269037 33987
ASIASAT 4               
1 27718U 03014A   26270.54312551 -.00000214  00000+0  00000+0 0  9992
2 27718   4.9598  74.4054 0002730 117.9884 157.0352  1.00270853 46320
HELLAS-SAT 2            
1 27811U 03020A   26265.27116624 -.00000082  00000+0  00000+0 0  9993
2 27811   7.5890  66.6827 0008150 143.8631 238.2748  1.00272801 43827
THURAYA-2               
1 27825U 03026A   26270.91286216  .00000133  00000+0  00000+0 0  9992
2 27825   8.9977  31.4591 0000147 110.2343 237.6575  1.00273297 85374
OPTUS C1                
1 27831U 03028B   26270.63536340 -.00000142  00000+0  00000+0 0  9997
2 27831   7.1391  68.1218 0005658 119.5362 203.2791  1.00271161 54081
USA 170                 
1 27875U 03040A   26267.84616230  .00000134  00000+0  00000+0 0  9995
2 27875  10.7070  46.9710 0002006 168.3767 117.0647  1.00273895 33994
GALAXY 13 (HORIZONS-1)  
1 27954U 03044A   26271.13542736  .00000138  00000+0  00000+0 0  9997
2 27954   1.6789  82.3846 0001735 119.5114  63.8165  1.00275071 47608
YAMAL 202               
1 28089U 03053A   26271.15038052 -.00000071  00000+0  00000+0 0  9997
2 28089   6.5957  69.6448 0004686 125.9992  29.0146  1.00272464 83738
UFO 11 (USA 174)        
1 28117U 03057A   26270.84777522 -.00000094  00000+0  00000+0 0  9995
2 28117   9.0478  33.2735 0003876 165.6539 188.3031  1.00271418 83471
USA 176 (DSP 22)        
1 28158U 04004A   26271.21159049  .00000056  00000+0  00000+0 0  9990
2 28158  12.1977  25.2842 0003981 279.6689  17.8445  0.98998449 33964
ABS-4 (MOBISAT-1)       
1 28184U 04007A   26270.98744650  .00000047  00000+0  00000+0 0  9993
2 28184   6.2956  70.7088 0005182 119.3331 233.2299  1.00270620 53365
INTELSAT 10-02          
1 28358U 04022A   26271.18903402 -.00000006  00000+0  00000+0 0  9994
2 28358   0.0238 247.1790 0000345  14.5956 172.2706  1.00272129 81584
ANIK F2                 
1 28378U 04027A   26270.24638468 -.00000043  00000+0  00000+0 0  9995
2 28378   3.5429  78.0873 0003075  95.7213 169.8616  1.00272109 42283
AMC-15                  
1 28446U 04041A   26271.24822134 -.00000084  00000+0  00000+0 0  9998
2 28446   0.0368  30.6493 0001949 162.2391 158.4743  1.00271491 80336
NSS-10                  
1 28526U 05003A   26268.25940938 -.00000245  00000+0  00000+0 0  9995
2 28526   6.6939  69.1960 0003204 116.0949 234.7636  1.00272509 54150
INMARSAT 4-F1           
1 28628U 05009A   26271.15315387  .00000040  00000+0  00000+0 0  9993
2 28628   5.3117  42.8111 0003048 157.3550  40.0418  1.00271319 78706
DIRECTV 8               
1 28659U 05019A   26271.24584388  .00000000  00000+0  00000+0 0  9993
2 28659   0.0212 184.8455 0003172  14.3367 137.2997  1.00271028 78104
GALAXY 28 (G-28)        
1 28702U 05022A   26270.75616817 -.00000193  00000+0  00000+0 0  9998
2 28702   3.5566  77.5926 0001825 116.7145  57.3795  1.00271719 53005
THAICOM 4               
1 28786U 05028A   26270.99905990 -.00000357  00000+0  00000+0 0  9997
2 28786   0.5031  84.2981 0000273 115.7090 285.9436  1.00273047 53288
ANIK F1R                
1 28868U 05036A   26271.24753547 -.00000068  00000+0  00000+0 0  9994
2 28868   4.5695  75.2341 0002462  76.9026 196.7333  1.00271961 47481
SYRACUSE 3A             
1 28885U 05041B   26254.51939881  .00000114  00000+0  00000+0 0  9998
2 28885   4.8548  74.7263 0002457 106.5771  42.9291  1.00275934 76614
INMARSAT 4-F2           
1 28899U 05044A   26271.21763413 -.00000253  00000+0  00000+0 0  9993
2 28899   5.2286  43.7164 0002780 153.5646  31.5886  1.00271259 76554
METEOSAT-9 (MSG-2)      
1 28912U 05049B   26270.55674729  .00000133  00000+0  00000+0 0  9997
2 28912   9.5887  53.1232 0001503  13.6281 185.7813  1.00268302  8022
EUTELSAT 174A           
1 28924U 05052A   26270.72470802  .00000017  00000+0  00000+0 0  9990
2 28924   4.4711  75.1936 0006191 111.2790 254.9643  1.00270247 53366
ECHOSTAR 10             
1 28935U 06003A   26271.24739409 -.00000050  00000+0  00000+0 0  9996
2 28935   0.0425  19.6011 0001934 131.6270 194.6815  1.00271184 75498
SPAINSAT                
1 28945U 06007A   26270.06757873 -.00000212  00000+0  00000+0 0  9995
2 28945   0.8187  84.6651 0005030 107.6519 167.6986  1.00273351 75233
JCSAT-5A                
1 29045U 06010A   26270.93028225 -.00000321  00000+0  00000+0 0  9990
2 29045   1.3658  82.8079 0001627  56.9021 334.0047  1.00271621 74808
ASTRA 1KR               
1 29055U 06012A   26271.19293403  .00000125  00000+0  00000+0 0  9995
2 29055   0.7321  82.4863 0003693 111.1817 261.7925  1.00273883 46732
GALAXY 16 (G-16)        
1 29236U 06023A   26271.09995161 -.00000122  00000+0  00000+0 0  9995
2 29236   0.0131 163.9824 0002789  28.1421 111.7779  1.00271920 74002
EUTELSAT 33F            
1 29270U 06032A   26270.55423395  .00000162  00000+0  00000+0 0  9991
2 29270   1.9181  80.9309 0003446 108.2326  49.8372  1.00274333 48334
JCSAT-3A                
1 29272U 06033A   26270.95022257  .00000000  00000+0  00000+0 0  9991
2 29272   0.0146 190.8515 0002246   7.7171 278.2478  1.00270125 48773
KOREASAT 5 (MUGUNGWHA 5)
1 29349U 06034A   26271.10947542 -.00000352  00000+0  00000+0 0  9999
2 29349   2.0418  81.5204 0002052 158.6090 279.2693  1.00271393 42350
DIRECTV 9S              
1 29494U 06043A   26270.72150134 -.00000260  00000+0  00000+0 0  9998
2 29494   2.6791  79.5428 0007567 193.1021 151.4668  0.99098245 52400
OPTUS D1                
1 29495U 06043B   26270.64904769 -.00000176  00000+0  00000+0 0  9997
2 29495   3.2907  78.2974 0003736 108.1134 205.6860  1.00270696 73149
BADR-4                  
1 29526U 06051A   26271.19605405  .00000162  00000+0  00000+0 0  9991
2 29526   2.2628  79.8401 0004966 108.1016 284.1310  1.00270614 52307
WILDBLUE-1              
1 29643U 06054A   26270.97297310 -.00000206  00000+0  00000+0 0  9991
2 29643   3.0615  79.1163 0004950 105.7245 160.0003  0.99179051 54819
SKYNET 5A               
1 30794U 07007B   26270.92291554 -.00000263  00000+0  00000+0 0  9991
2 30794   5.5562  72.4352 0003413 122.2030 239.5495  1.00273212 71735
ANIK F3                 
1 31102U 07009A   26271.24454286  .00000005  00000+0  00000+0 0  9999
2 31102   1.4563  82.4201 0002776 107.5800 146.3878  1.00272281 47593
ASTRA 1L                
1 31306U 07016A   26271.04170006 -.00000178  00000+0  00000+0 0  9998
2 31306   1.5793  80.4994 0005019 109.7376 167.1178  1.00270272 46015
GALAXY 17 (G-17)        
1 31307U 07016B   26270.88729541 -.00000199  00000+0  00000+0 0  9997
2 31307   3.2236  78.5202 0004045 140.1041  22.5129  1.00271178 70836
INTELSAT 11 (IS-11)     
1 32253U 07044B   26270.62590759  .00000028  00000+0  00000+0 0  9998
2 32253   3.8242  77.3390 0008157 135.8094  53.6367  0.99048615 69463
WGS F1 (USA 195)        
1 32258U 07046A   26269.89782940 -.00000263  00000+0  00000+0 0  9999
2 32258   0.0296 106.8399 0000843 117.1262  62.4426  1.00270948 53351
SKYNET 5B               
1 32294U 07056B   26270.84767045  .00000148  00000+0  00000+0 0  9997
2 32294   5.5062  72.2207 0003669 115.4408 149.2360  1.00269933 69224
ASTRA 4A                
1 32299U 07057A   26271.19016068  .00000038  00000+0  00000+0 0  9992
2 32299   0.0345  53.8839 0002672 145.5968 240.7862  1.00272875 52671
HORIZONS-2              
1 32388U 07063B   26271.28417249 -.00000247  00000+0  00000+0 0  9997
2 32388   2.8600  79.2573 0001882 127.3368 189.0255  1.00272105 68848
THURAYA-3               
1 32404U 08001A   26270.91624219  .00000017  00000+0  00000+0 0  9999
2 32404   6.1620  35.8200 0003000 185.9069 178.5639  1.00272354 68523
THOR 5                  
1 32487U 08006A   26268.90820505 -.00000006  00000+0  00000+0 0  9996
2 32487   0.0330 241.3828 0002427 308.3913 141.1693  1.00272174 68320
AMC-14                  
1 32708U 08011A   26268.71802773 -.00000348  00000+0  00000+0 0  9993
2 32708  24.1254  19.3047 0035077   0.8274   1.8708  1.00434274 69180
DIRECTV 11              
1 32729U 08013A   26271.14894860 -.00000121  00000+0  00000+0 0  9996
2 32729   0.0317  39.9788 0000131  81.0680 200.3430  1.00271251 46627
ICO G1                  
1 32763U 08016A   26270.88573539 -.00000164  00000+0  00000+0 0  9991
2 32763   5.5455  35.8125 0002412 135.2001  61.6917  1.00272440 67577
VINASAT-1               
1 32767U 08018A   26270.78762830  .00000000  00000+0  00000+0 0  9998
2 32767   0.0114 176.4298 0002130  38.3280 207.3125  1.00269531 67617
STAR ONE C2             
1 32768U 08018B   26271.25831785 -.00000271  00000+0  00000+0 0  9999
2 32768   1.4958  81.2547 0002502 110.1395 203.6798  1.00272956 67685
AMOS-3                  
1 32794U 08022A   26271.00322561 -.00000111  00000+0  00000+0 0  9996
2 32794   0.7124  84.4554 0001743  70.0250 291.5122  1.00271565 83369
GALAXY 18 (G-18)        
1 32951U 08024A   26271.26950759  .00000030  00000+0  00000+0 0  9996
2 32951   0.0150 220.0623 0003059 329.4123 151.6185  1.00270829 46886
ZHONGXING-9             
1 33051U 08028A   26270.99368653 -.00000244  00000+0  00000+0 0  9995
2 33051   1.0226  83.7964 0007332 141.2430 231.9013  1.00273124 67071
SKYNET 5C               
1 33055U 08030A   26270.82931515 -.00000132  00000+0  00000+0 0  9993
2 33055   4.0442  75.7406 0005231 123.5732  88.0995  1.00271396 66982
TURKSAT 3A              
1 33056U 08030B   26270.98371981  .00000151  00000+0  00000+0 0  9996
2 33056   0.0650  78.5819 0004133  97.0376 227.2960  1.00272951 53385
ECHOSTAR 11             
1 33207U 08035A   26271.24676088 -.00000052  00000+0  00000+0 0  9996
2 33207   1.2637  82.7636 0002500  98.5002 164.8276  1.00271289 52246
SUPERBIRD-C2            
1 33274U 08038A   26271.21607413 -.00000299  00000+0  00000+0 0  9999
2 33274   2.6190  79.8714 0005407  80.0533  60.9014  1.00270230106765
INMARSAT 4-F3           
1 33278U 08039A   26271.22048646 -.00000133  00000+0  00000+0 0  9999
2 33278   4.3920  31.7677 0003375 175.9255 140.7191  1.00271483 47578
NIMIQ 4                 
1 33373U 08044A   26271.25418558 -.00000215  00000+0  00000+0 0  9998
2 33373   0.0524  86.2549 0001875 105.0008 185.3134  1.00272638 66018
GALAXY 19 (G-19)        
1 33376U 08045A   26270.59973414 -.00000134  00000+0  00000+0 0  9995
2 33376   0.0188 228.1478 0002682 330.9428 286.2304  1.00272217 65930
ASTRA 1M                
1 33436U 08057A   26271.19302069  .00000126  00000+0  00000+0 0  9994
2 33436   0.5545  82.4426 0003677 105.3457 268.0793  1.00271587 46774
EUTELSAT HOTBIRD 13C    
1 33459U 08065A   26271.17924064 -.00000276  00000+0  00000+0 0  9998
2 33459   3.2076  77.8746 0003861 117.5141 185.8385  1.00271464 48376
EXPRESS-AM44            
1 33595U 09007A   26271.25810764 -.00000082  00000+0  00000+0 0  9991
2 33595   3.7199  77.0578 0003566 109.6280 262.3093  1.00272045 53325
NSS-9                   
1 33749U 09008A   26271.26002101  .00000078  00000+0  00000+0 0  9996
2 33749   1.5199  81.4129 0002170 101.3653 100.9619  1.00272080 64553
TELSTAR 11N             
1 34111U 09009A   26271.03918671 -.00000245  00000+0  00000+0 0  9991
2 34111   0.0144 134.8837 0002643  54.4160 154.1050  1.00272364 47271
WGS F2 (USA 204)        
1 34713U 09017A   26270.63041428  .00000000  00000+0  00000+0 0  9998
2 34713   0.0175 187.4993 0000477  19.4443  83.9346  1.00271018 46640
SES-7 (PROTOSTAR 2)     
1 34941U 09027A   26271.04627999 -.00000340  00000+0  00000+0 0  9999
2 34941   0.0553  72.9837 0001122 156.4961 262.2798  1.00270369 63665
MEASAT-3A               
1 35362U 09032A   26270.93574228 -.00000105  00000+0  00000+0 0  9995
2 35362   0.0453 349.0440 0003106 196.1520 318.4316  1.00272599  9067
EWS-G3 (GOES 14)        
1 35491U 09033A   26271.00322561 -.00000023  00000+0  00000+0 0  9998
2 35491   1.9476  81.5682 0002302 108.5128 251.4856  1.00070030  7619
FM-5                    
1 35493U 09034A   26270.81579509 -.00000196  00000+0  00000+0 0  9996
2 35493   0.0319 259.5786 0000298 155.9083 158.6911  1.00273805 47672
TERRESTAR-1             
1 35496U 09035A   26270.88218205 -.00000049  00000+0  00000+0 0  9997
2 35496   5.2411  48.6460 0001903 114.6600  49.9684  1.00272837 63167
ASIASAT 5               
1 35696U 09042A   26271.28029440 -.00000302  00000+0  00000+0 0  9995
2 35696   0.0313 109.3605 0001768  62.3710  36.7522  1.00273865 62750
JCSAT-12 (JCSAT-RA)     
1 35755U 09044A   26271.00148657  .00000000  00000+0  00000+0 0  9999
2 35755   0.0168 208.2866 0001835  18.8252 272.2695  1.00268381 62647
OPTUS D3                
1 35756U 09044B   26270.64991436 -.00000141  00000+0  00000+0 0  9997
2 35756   0.7881 267.8704 0004333 281.6962 207.0140  1.00271280 62590
NIMIQ 5                 
1 35873U 09050A   26271.25775488 -.00000252  00000+0  00000+0 0  9992
2 35873   0.0152 117.7683 0002906  70.4596 198.9316  1.00272018 62373
AMAZONAS 2              
1 35942U 09054A   26271.25685597 -.00000253  00000+0  00000+0 0  9995
2 35942   2.0739  81.5824 0003408 102.9799 202.9722  1.00273419 62218
COMSATBW-1              
1 35943U 09054B   26271.13044711  .00000029  00000+0  00000+0 0  9990
2 35943   0.0384 129.0449 0003339  73.2721 274.5918  1.00273251 62342
NSS-12                  
1 36032U 09058A   26270.91537551  .00000077  00000+0  00000+0 0  9991
2 36032   0.0502  73.7646 0002846  77.8811 241.6141  1.00271414 61947
THOR 6                  
1 36033U 09058B   26271.18903402 -.00000004  00000+0  00000+0 0  9995
2 36033   0.0183 128.9719 0002428  90.1404 215.0824  1.00271872 62031
INTELSAT 14 (IS-14)     
1 36097U 09064A   26270.89518209 -.00000268  00000+0  00000+0 0  9998
2 36097   0.1727  83.8266 0002562 110.7076  89.4381  1.00271967 61636
EUTELSAT 36B            
1 36101U 09065A   26271.05660679  .00000118  00000+0  00000+0 0  9996
2 36101   0.7431  81.0228 0005866 105.4250 251.2838  1.00270568 61736
INTELSAT 15 (IS-15)     
1 36106U 09067A   26271.06354016  .00000000  00000+0  00000+0 0  9999
2 36106   0.0160 190.4286 0002692  18.2617 266.1773  1.00270189 42263
WGS F3 (USA 211)        
1 36108U 09068A   26271.14291847  .00000026  00000+0  00000+0 0  9991
2 36108   0.3045  84.7136 0000416 133.8335  77.5868  1.00271868 47621
DIRECTV 12              
1 36131U 09075A   26271.17886848  .00000000  00000+0  00000+0 0  9991
2 36131   0.0051  42.3758 0000198 136.0615 150.1823  1.00269379 47582
BEIDOU-2 G1             
1 36287U 10001A   26271.27475264 -.00000272  00000+0  00000+0 0  9993
2 36287   4.5302  59.9550 0002354 242.2113 304.3031  1.00270274 61200
SDO                     
1 36395U 10005A   26270.50628932 -.00000044  00000+0  00000+0 0  9991
2 36395  34.8628  84.7872 0001731  88.4307 273.7912  1.00274034 61095
INTELSAT 16 (IS-16)     
1 36397U 10006A   26270.97401311  .00000085  00000+0  00000+0 0  9999
2 36397   0.0409 274.8347 0002155 298.8959 136.8654  1.01412891 60681
EWS-G2 (GOES 15)        
1 36411U 10008A   26271.13044711  .00000028  00000+0  00000+0 0  9991
2 36411   1.5540  81.7318 0004991  89.3133 306.1566  1.00272317 60679
ECHOSTAR 14             
1 36499U 10010A   26271.24584404  .00000005  00000+0  00000+0 0  9995
2 36499   0.0166 134.8836 0002023  60.2517 141.5106  1.00271713 47581
SES-1                   
1 36516U 10016A   26271.25056588 -.00000109  00000+0  00000+0 0  9995
2 36516   0.0293 286.3292 0002623 261.0648 168.8680  1.00271104 60064
ASTRA 3B                
1 36581U 10021A   26271.19380071  .00000143  00000+0  00000+0 0  9990
2 36581   1.7287  82.1196 0003157  76.3095 301.8140  1.00272395 59902
COMSATBW-2              
1 36582U 10021B   26271.19172069  .00000093  00000+0  00000+0 0  9991
2 36582   0.0214 126.6544 0002972  81.0494 241.5148  1.00271122 59989
BEIDOU-2 G3             
1 36590U 10024A   26270.99117318 -.00000128  00000+0  00000+0 0  9996
2 36590   4.7537  60.9541 0004238 359.1278  23.1935  1.00272309 59807
BADR-5                  
1 36592U 10025A   26271.19518737  .00000159  00000+0  00000+0 0  9995
2 36592   0.0623 113.7575 0008385 105.9986 247.9991  1.00272443 54259
ARABSAT-5A              
1 36745U 10032B   26271.19527404  .00000159  00000+0  00000+0 0  9994
2 36745   0.2975  77.5372 0003717 100.7549 289.5205  1.00269066 59684
ECHOSTAR 15             
1 36792U 10034A   26271.24584414  .00000005  00000+0  00000+0 0  9998
2 36792   0.0183 101.0874 0002687  54.0892 181.5747  1.00270945 59356
BEIDOU-2 IGSO-1         
1 36828U 10036A   26256.66970756 -.00000130  00000+0  00000+0 0  9997
2 36828  54.3037 162.1610 0058541 217.4777 320.7749  1.00289463 58981
NILESAT 201             
1 36830U 10037A   26270.97401311 -.00000052  00000+0  00000+0 0  9990
2 36830   0.0146 185.1003 0005687 357.4894 167.8279  1.00271960 59401
RASCOM-QAF 1R           
1 36831U 10037B   26271.18972735  .00000024  00000+0  00000+0 0  9996
2 36831   0.0156 134.3643 0005260  60.3860 243.4272  1.00271189 59338
AEHF-1 (USA 214)        
1 36868U 10039A   26271.05262010  .00000157  00000+0  00000+0 0  9999
2 36868   8.4765  66.6933 0004134 125.9068 223.1386  1.00270481 54680
XM-5                    
1 37185U 10053A   26271.02384666 -.00000018  00000+0  00000+0 0  9994
2 37185   0.0712 269.9300 0000339 221.6219 128.6835  1.00272832 58510
BSAT-3B                 
1 37207U 10056B   26271.10947542 -.00000345  00000+0  00000+0 0  9992
2 37207   0.0265 224.7019 0004508 348.4323 303.0300  1.00271796 53137
BEIDOU-2 G4             
1 37210U 10057A   26271.34024067 -.00000105  00000+0  00000+0 0  9995
2 37210   3.8963  68.1976 0008585 179.8158  41.5892  1.00273531 58325
SKYTERRA 1              
1 37218U 10061A   26271.24929726 -.00000111  00000+0  00000+0 0  9990
2 37218   5.3417  50.5921 0002121 144.9956 159.9120  1.00273221 58221
HYLAS 1                 
1 37237U 10065A   26270.85912861 -.00000261  00000+0  00000+0 0  9999
2 37237   5.8958  71.6999 0004499 163.6160 213.6026  1.00631612  7927
INTELSAT 17 (IS-17)     
1 37238U 10065B   26271.13096711  .00000003  00000+0  00000+0 0  9992
2 37238   0.0226 232.6554 0002594 322.5724 284.8440  1.00273281 54280
BEIDOU-2 IGSO-2         
1 37256U 10068A   26270.62186336 -.00000178  00000+0  00000+0 0  9995
2 37256  47.3663 270.5486 0057204 216.5025 208.0151  1.00248472 57822
EUTELSAT KA-SAT 9A      
1 37258U 10069A   26270.54938060  .00000067  00000+0  00000+0 0  9994
2 37258   0.0765 354.5287 0005181 167.4589  51.1511  1.00273084 45035
HISPASAT 30W-5          
1 37264U 10070A   26270.96941976 -.00000211  00000+0  00000+0 0  9991
2 37264   0.0486 107.1247 0005606  72.2977 146.3410  1.00270535 54219
KOREASAT 6              
1 37265U 10070B   26270.93574228 -.00000106  00000+0  00000+0 0  9994
2 37265   0.0219 106.8504 0002415 103.8491 292.7877  1.00272027 57802
BEIDOU-2 IGSO-3         
1 37384U 11013A   26270.86057378 -.00000175  00000+0  00000+0 0  9994
2 37384  62.5600  39.1954 0034794 184.2318 199.7599  1.00288499 56697
INTELSAT 28 (IS-28)     
1 37392U 11016A   26270.89786877 -.00000218  00000+0  00000+0 0  9990
2 37392   2.0635  81.2179 0003801 114.1060 102.9287  1.00270510 54313
YAHSAT 1A               
1 37393U 11016B   26271.05704013  .00000106  00000+0  00000+0 0  9997
2 37393   0.0045 205.7669 0001831 339.1049 255.0315  1.00270106 43435
SBIRS GEO-1 (USA 230)   
1 37481U 11019A   26271.05686679  .00000107  00000+0  00000+0 0  9996
2 37481   4.7613  52.9701 0001794 137.5200 248.6430  1.00272263 56437
GSAT-8                  
1 37605U 11022A   26271.12880043  .00000091  00000+0  00000+0 0  9999
2 37605   2.3890  80.4375 0007101 161.4125 226.5396  1.00272300 54255
ST-2                    
1 37606U 11022B   26271.09072498 -.00000206  00000+0  00000+0 0  9992
2 37606   0.0209 113.9587 0002042  98.1754 275.4429  1.00270662 56313
ZHONGXING-10            
1 37677U 11026A   26271.19640072  .00000029  00000+0  00000+0 0  9996
2 37677   1.2365  50.2942 0005663 199.1503 224.7631  0.99022753 56024
SES-3                   
1 37748U 11035A   26271.24902046 -.00000096  00000+0  00000+0 0  9998
2 37748   1.5852  81.7423 0002591 123.0221 148.9323  1.00272016 55622
KAZSAT-2                
1 37749U 11035B   26271.06380016 -.00000192  00000+0  00000+0 0  9993
2 37749   0.0471 350.9121 0002038 250.3384 235.0805  1.00269382 54433
BEIDOU-2 IGSO-4         
1 37763U 11038A   26270.55809838 -.00000039  00000+0  00000+0 0  9993
2 37763  54.6021 164.7629 0160756 230.8119 265.6470  1.00265441 55676
ASTRA 1N                
1 37775U 11041A   26271.19302069  .00000125  00000+0  00000+0 0  9990
2 37775   0.0921  38.4093 0004503 123.4034 293.8682  1.00273226 45560
BSAT-3C (JCSAT-110R)    
1 37776U 11041B   26271.04627999 -.00000346  00000+0  00000+0 0  9993
2 37776   0.0457  21.6053 0000139  82.6417  29.2297  1.00271557 51506
SES-2                   
1 37809U 11049A   26271.18166269 -.00000191  00000+0  00000+0 0  9999
2 37809   0.3153  86.8224 0003007 102.8891 155.6773  1.00271546 54997
ARABSAT-5C              
1 37810U 11049B   26271.19319403  .00000129  00000+0  00000+0 0  9992
2 37810   0.0555 351.8439 0004146 202.6848 262.0192  1.00273363 55078
EUTELSAT 7 WEST A       
1 37816U 11051A   26270.83139515 -.00000055  00000+0  00000+0 0  9994
2 37816   0.0733  20.4718 0006184 165.1496 113.0198  1.00272386 54903
QUETZSAT 1              
1 37826U 11054A   26271.28971515 -.00000237  00000+0  00000+0 0  9994
2 37826   0.0225  73.6057 0002848 124.3653 196.4248  1.00272308 50902
INTELSAT 18 (IS-18)     
1 37834U 11056A   26270.72592137  .00000058  00000+0  00000+0 0  9992
2 37834   0.0217 249.9574 0002172 307.0199 250.8969  1.00269430 54832
EUTELSAT 16A            
1 37836U 11057A   26270.90636214  .00000045  00000+0  00000+0 0  9996
2 37836   0.1243  67.3214 0005878 115.8698 161.8403  1.00020757  8360
VIASAT-1                
1 37843U 11059A   26271.02384666 -.00000019  00000+0  00000+0 0  9993
2 37843   0.0180 216.8288 0002263 328.1720  75.3147  1.00272281 48357
ASIASAT 7               
1 37933U 11069A   26271.04627999 -.00000328  00000+0  00000+0 0  9998
2 37933   0.0381  83.9105 0001549  89.6594 315.4205  1.00268779 45891
BEIDOU-2 IGSO-5         
1 37948U 11073A   26270.97961485 -.00000126  00000+0  00000+0 0  9997
2 37948  47.4986 270.2599 0116511 224.3210 320.7744  1.00274862 54167
LUCH-5A                 
1 37951U 11074B   26271.33123749 -.00000039  00000+0  00000+0 0  9999
2 37951   9.0084  72.2669 0004533 135.6076  85.5322  1.00274060 54085
NIGCOMSAT 1R            
1 38014U 11077A   26271.19761405  .00000150  00000+0  00000+0 0  9997
2 38014   0.0236 218.0998 0002983 107.1383 155.4175  1.00273076 53991
WGS F4 (USA 233)        
1 38070U 12003A   26271.06414683 -.00000210  00000+0  00000+0 0  9996
2 38070   0.0162 174.5219 0000390  91.1611 212.7035  1.00273094 45183
SES-4                   
1 38087U 12007A   26271.18487399 -.00000163  00000+0  00000+0 0  9992
2 38087   0.0130 291.0554 0002429 267.0266 213.4617  1.00273041 53251
BEIDOU-2 G5             
1 38091U 12008A   26271.12958044  .00000064  00000+0  00000+0 0  9991
2 38091   3.8233  68.9353 0007205 235.1211 168.1902  1.00272906 53401
MUOS-1                  
1 38093U 12009A   26271.24936736 -.00000120  00000+0  00000+0 0  9995
2 38093   5.6851  46.9596 0051922   3.5161 306.3348  1.00270639 53478
INTELSAT 22 (IS-22)     
1 38098U 12011A   26271.13218045 -.00000053  00000+0  00000+0 0  9992
2 38098   0.0173 129.0817 0001657  57.1871 300.3373  1.00271715  8222
APSTAR-7                
1 38107U 12013A   26271.13296045 -.00000097  00000+0  00000+0 0  9999
2 38107   0.0173 137.5643 0002745  51.0145 302.7264  1.00271451 52850
YAHSAT 1B               
1 38245U 12016A   26271.05608679  .00000131  00000+0  00000+0 0  9994
2 38245   0.0973  87.3682 0001211 124.8441 222.4765  1.00270285 46638
AEHF-2 (USA 235)        
1 38254U 12019A   26268.76248793 -.00000127  00000+0  00000+0 0  9994
2 38254   6.8788  56.6806 0002676 144.0502  61.8740  1.00270884  7990
JCSAT-13                
1 38331U 12023A   26271.21364745 -.00000351  00000+0  00000+0 0  9994
2 38331   0.0194 140.3033 0002411  48.6831  18.9621  1.00271156 52586
VINASAT-2               
1 38332U 12023B   26271.00148657  .00000000  00000+0  00000+0 0  9994
2 38332   0.0093 231.2456 0002125 320.8427 307.0833  1.00269886 47692
NIMIQ 6                 
1 38342U 12026A   26271.19243640 -.00000169  00000+0  00000+0 0  9993
2 38342   0.0159 100.9324 0002960  89.4303 154.8128  1.00272176 51450
ZHONGXING-2A            
1 38352U 12028A   26270.99463987 -.00000287  00000+0  00000+0 0  9992
2 38352   1.7116  82.4057 0001542 162.5106 218.2224  1.00271459 52331
INTELSAT 19 (IS-19)     
1 38356U 12030A   26270.65182104  .00000000  00000+0  00000+0 0  9993
2 38356   0.0165 165.6873 0003355  37.3473 204.0573  1.00269545 51478
ECHOSTAR 17             
1 38551U 12035A   26270.66906779 -.00000070  00000+0  00000+0 0  9996
2 38551   0.0197 141.0649 0002204  52.7073 306.4720  1.00270825 52091
METEOSAT-10 (MSG-3)     
1 38552U 12035B   26268.69445431  .00000000  00000+0  00000+0 0  9992
2 38552   4.9040  60.4434 0000997 124.6493  69.5152  1.00273165 51860
SES-5                   
1 38652U 12036A   26270.61992757  .00000000  00000+0  00000+0 0  9997
2 38652   0.0130 349.3386 0002282 203.4480  41.7741  1.00271448 45483
INTELSAT 20 (IS-20)     
1 38740U 12043A   26271.13140044 -.00000019  00000+0  00000+0 0  9996
2 38740   0.0192 129.9464 0001926  42.3256 310.4581  1.00271634 51788
HYLAS 2                 
1 38741U 12043B   26271.04464674 -.00000022  00000+0  00000+0 0  9999
2 38741   2.6836  79.6849 0004517 162.9050 131.2129  1.00521528 51800
INTELSAT 21 (IS-21)     
1 38749U 12045A   26271.03520003 -.00000280  00000+0  00000+0 0  9993
2 38749   0.0369  87.8172 0002061 101.2521 132.4455  1.00271390 51558
ASTRA 2F                
1 38778U 12051A   26271.19475404  .00000155  00000+0  00000+0 0  9993
2 38778   0.0555 253.4938 0004246 316.8150 254.9889  1.00273210 42168
GSAT-10                 
1 38779U 12051B   26271.13434713 -.00000160  00000+0  00000+0 0  9993
2 38779   0.0180 225.9548 0004749 253.8167  18.5688  1.00271436 51136
INTELSAT 23 (IS-23)     
1 38867U 12057A   26271.05891020 -.00000280  00000+0  00000+0 0  9999
2 38867   0.0200 257.7166 0001691 343.3056  94.0455  1.00274267 50989
BEIDOU-2 G6             
1 38953U 12059A   26271.06328016 -.00000168  00000+0  00000+0 0  9993
2 38953   4.6746  72.3430 0006724 322.4429  78.8553  1.00275005 50945
LUCH-5B                 
1 38977U 12061A   26271.18591399 -.00000128  00000+0  00000+0 0  9997
2 38977  10.7012  48.8291 0006487 168.5041 200.2776  1.00272302 50645
YAMAL 300K              
1 38978U 12061B   26271.28100253  .00000077  00000+0  00000+0 0  9996
2 38978   0.0120 205.6625 0000422 264.7923 180.7449  1.00272774 50667
STAR ONE C3             
1 38991U 12062A   26271.25601061 -.00000244  00000+0  00000+0 0  9999
2 38991   0.0568  80.2413 0002098 106.5339 197.4555  1.00273144 50794
EUTELSAT 21B            
1 38992U 12062B   26271.05088677  .00000135  00000+0  00000+0 0  9998
2 38992   0.0696 354.6826 0002909 184.0304 228.0471  1.00270595 50859
ECHOSTAR 16             
1 39008U 12065A   26271.06275815  .00000000  00000+0  00000+0 0  9994
2 39008   0.0206 178.8537 0002138  12.8002 136.2843  1.00269117 50678
ZHONGXING-12            
1 39017U 12067A   26271.13530046 -.00000202  00000+0  00000+0 0  9999
2 39017   0.0327 116.5078 0002798  67.8905 318.7599  1.00271262 50540
EUTELSAT 70B            
1 39020U 12069A   26271.06059348 -.00000038  00000+0  00000+0 0  9995
2 39020   0.0691  12.0605 0003687 175.2931 271.8087  1.00271918 50544
YAMAL 402               
1 39022U 12070A   26271.12880043  .00000092  00000+0  00000+0 0  9999
2 39022   1.5216  82.6723 0003657 105.4964 280.0370  1.00272192 50437
SKYNET 5D               
1 39034U 12075A   26270.98585801  .00000104  00000+0  00000+0 0  9998
2 39034   0.0743   5.9653 0004093 191.7223 216.7564  1.00272716 50185
MEXSAT 3                
1 39035U 12075B   26271.24545993 -.00000020  00000+0  00000+0 0  9995
2 39035   0.0158 121.7753 0001502  87.6277 131.1833  1.00268249  8085
TDRS 11                 
1 39070U 13004A   26271.15454053  .00000086  00000+0  00000+0 0  9994
2 39070   3.6789  32.7562 0002962  39.6189 175.7883  1.00273017 47724
AMAZONAS 3              
1 39078U 13006A   26271.28802605 -.00000277  00000+0  00000+0 0  9991
2 39078   0.0185 194.9531 0005487   9.0115 205.8352  1.00270698 45956
AZERSPACE 1             
1 39079U 13006B   26271.05574013  .00000138  00000+0  00000+0 0  9991
2 39079   0.0226  98.8841 0001842 114.0642 219.9672  1.00272334 49833
SBIRS GEO-2 (USA 241)   
1 39120U 13011A   26271.19141155 -.00000138  00000+0  00000+0 0  9997
2 39120   4.7105  52.4330 0002475 147.0646 139.5996  1.00271619 49560
EUTELSAT 117 WEST A     
1 39122U 13012A   26271.24500024 -.00000008  00000+0  00000+0 0  9996
2 39122   0.0337  44.3560 0003019 149.1827 144.9102  1.00272257 49469
ANIK G1                 
1 39127U 13014A   26271.24846832 -.00000069  00000+0  00000+0 0  9990
2 39127   0.0202 110.0205 0003155  92.0031 147.1760  1.00271623 49287
ZHONGXING-11            
1 39157U 13020A   26271.06596684 -.00000286  00000+0  00000+0 0  9998
2 39157   0.0117 243.1121 0001022 249.3731 356.0419  1.00273425 48930
EUTELSAT 7B             
1 39163U 13022A   26271.04984676  .00000109  00000+0  00000+0 0  9990
2 39163   0.0685 357.3106 0003539 115.4970 287.9888  1.00270682 48979
WGS F5 (USA 243)        
1 39168U 13024A   26270.95127840  .00000000  00000+0  00000+0 0  9998
2 39168   0.0200 196.2685 0000628  12.9936  87.4493  1.00269218 48202
SES-6                   
1 39172U 13026A   26271.18114730 -.00000256  00000+0  00000+0 0  9999
2 39172   0.0394 336.8561 0002607 221.8638 192.9815  1.00271143 48755
IRNSS-1A                
1 39199U 13034A   26270.98649316  .00000090  00000+0  00000+0 0  9992
2 39199  35.9479  62.4011 0020558 179.4851 175.2249  1.00279153 48391
MUOS-2                  
1 39206U 13036A   26270.72418802 -.00000004  00000+0  00000+0 0  9995
2 39206   5.1990  45.5488 0057708 178.5568 215.1462  1.00274229 48221
ALPHASAT                
1 39215U 13038A   26270.84767045  .00000141  00000+0  00000+0 0  9997
2 39215   3.0037   0.5872 0004014 198.6013 137.4982  1.00272759 45044
INSAT-3D                
1 39216U 13038B   26271.21486079 -.00000332  00000+0  00000+0 0  9998
2 39216   2.1840  81.1139 0002202 130.8767   1.9001  1.00271439 48111
WGS F6 (USA 244)        
1 39222U 13041A   26271.24036818  .00000094  00000+0  00000+0 0  9998
2 39222   0.0016 176.3291 0000429  89.4272  52.6238  1.00271759 47091
ES'HAIL 1               
1 39233U 13044A   26270.84767045  .00000000  00000+0  00000+0 0  9998
2 39233   0.0282 347.8735 0002384 205.6327 143.7540  1.00270666 47657
GSAT-7                  
1 39234U 13044B   26271.00322561 -.00000072  00000+0  00000+0 0  9998
2 39234   0.3379  86.3446 0005902 167.0549 188.5885  1.00271866 46288
AMOS-4                  
1 39237U 13045A   26271.13079377  .00000012  00000+0  00000+0 0  9993
2 39237   0.0057 176.0915 0001134   3.6682 299.2707  1.00272900 47997
AEHF-3 (USA 246)        
1 39256U 13050A   26271.21376030  .00000037  00000+0  00000+0 0  9992
2 39256   5.5437  66.1784 0092504 188.8791  64.6415  1.00272541 46687
ASTRA 2E                
1 39285U 13056A   26271.05227344  .00000155  00000+0  00000+0 0  9996
2 39285   0.0820 311.5398 0002154 237.1328 225.4773  1.00272881 47445
FM-6                    
1 39360U 13058A   26270.66716111 -.00000011  00000+0  00000+0 0  9995
2 39360   0.0252 247.3669 0001211  20.8265 222.1216  1.00273170 47106
RADUGA-1M 3             
1 39375U 13062A   26271.05357345  .00000161  00000+0  00000+0 0  9995
2 39375   6.2165  71.0220 0001820 290.6520  59.4208  1.00271428 47134
SES-8                   
1 39460U 13071A   26271.06536017 -.00000264  00000+0  00000+0 0  9991
2 39460   0.0396 290.7811 0001943 232.3685 322.2522  1.00271219 45466
INMARSAT 5-F1           
1 39476U 13073A   26270.91624219  .00000000  00000+0  00000+0 0  9992
2 39476   0.0196 178.9139 0000492  57.4540 162.8026  1.00268578 46603
TKSAT-1 (TUPAC KATARI)  
1 39481U 13075A   26271.18166296 -.00000190  00000+0  00000+0 0  9997
2 39481   0.0486  42.9879 0002113 134.7178 167.4835  1.00272913 46630
EXPRESS-AM5             
1 39487U 13077A   26271.27475264 -.00000275  00000+0  00000+0 0  9997
2 39487   0.0290 252.7018 0001845 243.5393 109.7802  1.00272227 47399
GSAT-14                 
1 39498U 14001A   26271.00322561 -.00000072  00000+0  00000+0 0  9994
2 39498   0.0179 144.0897 0005891  80.9904 216.9062  1.00272066 46402
THAICOM 6               
1 39500U 14002A   26271.13348045 -.00000117  00000+0  00000+0 0  9998
2 39500   0.0677 105.4088 0003356  62.5827 325.5431  1.00272021 46493
TDRS 12                 
1 39504U 14004A   26271.18106064 -.00000264  00000+0  00000+0 0  9995
2 39504   4.0865  20.6341 0007384 218.3739 151.9891  1.00264520 45314
ABS-2                   
1 39508U 14006A   26271.06146015 -.00000081  00000+0  00000+0 0  9995
2 39508   0.0188 106.9766 0003533  81.9247 275.0144  1.00271249 46317
ATHENA-FIDUS            
1 39509U 14006B   26271.19666072  .00000159  00000+0  00000+0 0  9995
2 39509   0.0237 121.3857 0001446  87.4526 266.7542  1.00272684 46129
TURKSAT 4A              
1 39522U 14007A   26270.98371981  .00000151  00000+0  00000+0 0  9991
2 39522   0.0699 286.8393 0003972 320.9886 155.0940  1.00269926 45999
EXPRESS-AT1             
1 39612U 14010A   26271.13322045 -.00000113  00000+0  00000+0 0  9999
2 39612   0.5150  84.2747 0004956  88.1788 319.6633  1.00315131 45858
EXPRESS-AT2             
1 39613U 14010B   26270.98649316  .00000000  00000+0  00000+0 0  9999
2 39613   0.0207 197.0604 0000468  69.7807 151.0711  1.00272875 45529
AMAZONAS 4A             
1 39616U 14011A   26271.25601103 -.00000248  00000+0  00000+0 0  9991
2 39616   0.0607 208.4616 0006544 345.6520 191.1243  1.00272638 45741
ASTRA 5B                
1 39617U 14011B   26271.19380071  .00000142  00000+0  00000+0 0  9995
2 39617   0.0922 297.1761 0003381 268.0207 255.0681  1.00269996 45709
IRNSS-1B                
1 39635U 14017A   26266.99628252  .00000102  00000+0  00000+0 0  9995
2 39635  28.7568 238.7061 0019854 191.6103 346.2300  1.00273502 45781
LUCH-5V                 
1 39727U 14023A   26270.99411987 -.00000261  00000+0  00000+0 0  9991
2 39727   5.3830  68.6100 0002596 150.3791 240.4125  1.00275544 45395
KAZSAT-3                
1 39728U 14023B   26270.77315490  .00000065  00000+0  00000+0 0  9991
2 39728   0.0233 273.1780 0000590 208.4689 221.7874  1.00272718 43486
EUTELSAT 3B             
1 39773U 14030A   26271.01433530  .00000025  00000+0  00000+0 0  9999
2 39773   0.0674  10.2315 0004268 177.0596 187.7876  1.00272382 45092
ASIASAT 8 (AMOS-7)      
1 40107U 14046A   26270.78242828 -.00000327  00000+0  00000+0 0  9996
2 40107   0.0339  86.9402 0001738 112.8688 193.7293  1.00268135103173
ASIASAT 6               
1 40141U 14052A   26270.83586287 -.00000357  00000+0  00000+0 0  9990
2 40141   0.0199 134.2929 0000983  31.9405 261.2385  1.00272458 44108
OPTUS 10                
1 40146U 14054A   26270.64991436 -.00000142  00000+0  00000+0 0  9994
2 40146   0.1022  32.5235 0002046 150.8316 213.0840  1.00271247 44053
MEASAT-3B               
1 40147U 14054B   26271.06475350 -.00000237  00000+0  00000+0 0  9999
2 40147   0.0416  37.8714 0000952  84.8212 358.9621  1.00273879 43952
HIMAWARI-8              
1 40267U 14060A   26271.21702747 -.00000270  00000+0  00000+0 0  9996
2 40267   0.0397  44.5506 0001161 169.0590  12.2076  1.00270629 43791
IRNSS-1C                
1 40269U 14061A   26271.06310683 -.00000151  00000+0  00000+0 0  9994
2 40269   6.7746  86.9493 0019668  10.5011  15.0746  1.00268763 43722
INTELSAT 30 (IS-30)     
1 40271U 14062A   26268.88952918  .00000000  00000+0  00000+0 0  9999
2 40271   0.0162 158.3985 0001386 248.4985 182.9916  1.00266242  7806
ARSAT 1                 
1 40272U 14062B   26271.25775582 -.00000255  00000+0  00000+0 0  9998
2 40272   0.0264 290.2060 0001741 255.0068 202.8389  1.00271464 43652
EUTELSAT 53A            
1 40277U 14064A   26271.19969406  .00000103  00000+0  00000+0 0  9999
2 40277   0.0166 223.0862 0002181 335.5164 293.2944  1.00270185 42606
GSAT-16                 
1 40332U 14078A   26271.12880043  .00000090  00000+0  00000+0 0  9993
2 40332   0.0211 110.7343 0005102  10.1613 347.4752  1.00272017 43152
DIRECTV 14              
1 40333U 14078B   26271.21970321  .00000000  00000+0  00000+0 0  9994
2 40333   0.0108 202.5380 0000541 249.8900 254.4238  1.00271025 43076
YAMAL 401               
1 40345U 14082A   26271.42089282 -.00000223  00000+0  00000+0 0  9990
2 40345   0.0184 225.3054 0000639  34.0494 349.3419  1.00268616 42957
ASTRA 2G                
1 40364U 14089A   26271.19475404  .00000000  00000+0  00000+0 0  9999
2 40364   0.0272   3.8215 0001923  97.7304   3.7016  1.00271686 43009
FENGYUN 2G              
1 40367U 14090A   26270.99507321 -.00000294  00000+0  00000+0 0  9991
2 40367   5.8911  71.5205 0004111 184.9012 208.3196  1.00268089 43031
MUOS-3                  
1 40374U 15002A   26271.18608733 -.00000121  00000+0  00000+0 0  9993
2 40374   4.7194  43.8238 0058506 179.3968 195.3081  1.00272756 42621
INMARSAT 5-F2           
1 40384U 15005A   26270.82194845 -.00000280  00000+0  00000+0 0  9997
2 40384   0.0202 155.8489 0000887  24.1379  67.4782  1.00271690 42022
ABS-3A                  
1 40424U 15010A   26271.04603341 -.00000020  00000+0  00000+0 0  9991
2 40424   0.0124 197.1493 0002381 290.6667 252.5796  1.00278190 42401
EUTELSAT 115 WEST B     
1 40425U 15010B   26270.88114204 -.00000020  00000+0  00000+0 0  9998
2 40425   0.0181  42.9276 0000258  52.5470 113.5143  1.00270590 42418
EXPRESS-AM7             
1 40505U 15012A   26271.19709405  .00000156  00000+0  00000+0 0  9996
2 40505   0.0130 123.9251 0003312  71.0193 283.0072  1.00273526 42041
BEIDOU-3S IGSO-1S       
1 40549U 15019A   26269.48543381 -.00000153  00000+0  00000+0 0  9997
2 40549  49.0033 294.2333 0038963 201.5282 140.7190  1.00286165 42083
THOR 7                  
1 40613U 15022A   26271.18903402 -.00000003  00000+0  00000+0 0  9991
2 40613   0.0137 191.8940 0002860 359.7897 242.7117  1.00270692 41841
TURKMENALEM52E/MONACOSAT
1 40617U 15023A   26270.96623036  .00000109  00000+0  00000+0 0  9999
2 40617   0.0379  91.0911 0003131  99.5562 215.9946  1.00273055 41873
DIRECTV 15              
1 40663U 15026A   26271.06395840 -.00000098  00000+0  00000+0 0  9992
2 40663   0.0238 104.2698 0000212  70.0470 112.7146  1.00271622 41498
SKY MEXICO-1            
1 40664U 15026B   26271.25509775 -.00000229  00000+0  00000+0 0  9994
2 40664   0.0331 264.9081 0002252 288.5936 186.5958  1.00271189 41489
METEOSAT-11 (MSG-4)     
1 40732U 15034A   26270.83468850  .00000071  00000+0  00000+0 0  9994
2 40732   3.4536  70.3592 0000501  86.1476 160.0017  1.00277123  8245
STAR ONE C4             
1 40733U 15034B   26271.28509566 -.00000260  00000+0  00000+0 0  9996
2 40733   0.0061 300.1952 0001370 282.9392 176.5835  1.00269571 41047
WGS F7 (USA 263)        
1 40746U 15036A   26270.72496803  .00000022  00000+0  00000+0 0  9994
2 40746   0.0189 185.7857 0000077 159.6632  97.1024  1.00265882 40894
INTELSAT 34 (IS-34)     
1 40874U 15039A   26270.89310208 -.00000280  00000+0  00000+0 0  9998
2 40874   0.0244 294.7300 0000211 218.2043 119.7954  1.00273319 40662
EUTELSAT 8 WEST B       
1 40875U 15039B   26271.18764734 -.00000061  00000+0  00000+0 0  9996
2 40875   0.0673 354.9158 0003600 191.4594 240.1557  1.00271549 40680
GSAT-6                  
1 40880U 15041A   26271.13426046 -.00000154  00000+0  00000+0 0  9994
2 40880   2.1787  81.1702 0002910 108.1597 308.4700  1.00272226 40636
INMARSAT 5-F3           
1 40882U 15042A   26270.56466289  .00000000  00000+0  00000+0 0  9995
2 40882   0.0219 171.5677 0000933 207.5515  10.0791  1.00271549 40595
MUOS-4                  
1 40887U 15044A   26270.96226711 -.00000085  00000+0  00000+0 0  9994
2 40887   4.5224  42.6832 0052164   3.1871  22.2984  1.00271752 40599
TJS-1                   
1 40892U 15046A   26271.14864719 -.00000150  00000+0  00000+0 0  9992
2 40892   0.5812  83.7642 0003136  88.3842  43.3460  1.00271071 40606
EXPRESS-AM8             
1 40895U 15048A   26270.75876817 -.00000106  00000+0  00000+0 0  9996
2 40895   0.0203 219.5351 0000055  57.0693 349.1274  1.00272387 40373
BEIDOU-3S IGSO-2S       
1 40938U 15053A   26270.99723544 -.00000132  00000+0  00000+0 0  9993
2 40938  49.0717 257.5499 0065662 192.4265  12.0310  1.00280839 40382
SKY MUSTER 1 (NBN1A)    
1 40940U 15054A   26271.21702747 -.00000273  00000+0  00000+0 0  9991
2 40940   0.0146 238.4712 0001791 306.2405  40.6909  1.00272250 40297
ARSAT 2                 
1 40941U 15054B   26271.25418503 -.00000220  00000+0  00000+0 0  9992
2 40941   0.0230 278.0847 0001990 269.0945 190.3857  1.00271840 40331
MORELOS 3               
1 40946U 15056A   26271.24576840 -.00000037  00000+0  00000+0 0  9993
2 40946   3.2823  17.5678 0003361 184.5640 140.2831  1.00272338 40311
APSTAR-9                
1 40982U 15059A   26271.28852775 -.00000261  00000+0  00000+0 0  9993
2 40982   0.0582  59.4191 0002673 132.3433  61.2147  1.00270250 40143
TURKSAT 4B              
1 40984U 15060A   26270.12992369  .00000000  00000+0  00000+0 0  9993
2 40984   0.0217 197.8020 0001968 348.3915 276.5099  1.00267035 40120
ZHONGXING-2C            
1 41021U 15063A   26271.28098773 -.00000319  00000+0  00000+0 0  9997
2 41021   0.5316  86.3799 0009728 120.8317   4.4784  1.00273525 40012
GSAT-15                 
1 41028U 15065A   26271.06518684  .00000000  00000+0  00000+0 0  9996
2 41028   0.0205 177.0989 0002147   9.7423 296.9783  1.00270639 39839
BADR-7 (ARABSAT-6B)     
1 41029U 15065B   26270.84767045  .00000150  00000+0  00000+0 0  9995
2 41029   0.0367 231.9053 0006805 352.1259 113.7760  1.00270750 39798
LAOSAT 1                
1 41034U 15067A   26271.21460079 -.00000338  00000+0  00000+0 0  9991
2 41034   0.0514  22.6526 0002294 109.8745  80.2614  1.00273601 39898
TELSTAR 12V             
1 41036U 15068A   26270.82983515 -.00000114  00000+0  00000+0 0  9997
2 41036   0.0195 143.9726 0002272  49.0154  97.3978  1.00271504 39655
ELEKTRO-L 2             
1 41105U 15074A   26271.18634734 -.00000108  00000+0  00000+0 0  9990
2 41105   6.9453  69.2140 0002141 190.9848 159.3663  1.00271823 39536
COSMOS 2513             
1 41121U 15075A   26270.72058589 -.00000133  00000+0  00000+0 0  9994
2 41121   0.0501 102.3742 0001811 120.5573 123.2657  1.00271443 39572
EXPRESS-AMU1            
1 41191U 15082A   26271.19631405  .00000161  00000+0  00000+0 0  9995
2 41191   0.0203 213.2459 0002529 343.4318 277.0938  1.00269677 39302
GAOFEN-4                
1 41194U 15083A   26271.06761352 -.00000329  00000+0  00000+0 0  9997
2 41194   0.6147  83.1308 0003582 139.5120 274.2784  1.00269968 39569
BELINTERSAT-1           
1 41238U 16001A   26271.12810709  .00000112  00000+0  00000+0 0  9994
2 41238   0.0402 275.0169 0000402 141.9302  47.5856  1.00273227 39272
IRNSS-1E                
1 41241U 16003A   26270.83586287 -.00000279  00000+0  00000+0 0  9993
2 41241  33.4584  58.2678 0021797 181.3646 179.6854  1.00269623 39115
EUTELSAT 9B             
1 41310U 16005A   26271.04846009  .00000067  00000+0  00000+0 0  9991
2 41310   0.0654  67.6495 0003054 157.8849 167.7634  1.00272991 39149
SES-9                   
1 41380U 16013A   26271.10947542  .00000000  00000+0  00000+0 0  9995
2 41380   0.0103 189.7175 0001526 318.4027   6.4755  1.00269004 38470
EUTELSAT 65 WEST A      
1 41382U 16014A   26271.25824243 -.00000271  00000+0  00000+0 0  9997
2 41382   0.0921 300.4173 0002336 245.1912 209.2276  1.00272979 38554
IRNSS-1F                
1 41384U 16015A   26271.05314012  .00000166  00000+0  00000+0 0  9998
2 41384   5.6021  94.4115 0020580 172.7406 151.3409  1.00265051 38691
BEIDOU-2 IGSO-6         
1 41434U 16021A   26269.83208771 -.00000155  00000+0  00000+0 0  9997
2 41434  60.3744  37.0382 0062033 228.4329 136.3169  1.00279566 38500
IRNSS-1G                
1 41469U 16027A   26270.85834861 -.00000325  00000+0  00000+0 0  9999
2 41469   5.4451  95.0840 0002559  45.5164 304.5870  1.00274282 38203
JCSAT-2B                
1 41471U 16028A   26271.14830051 -.00000159  00000+0  00000+0 0  9998
2 41471   0.0184 149.0431 0001336  52.9375  12.3565  1.00273884 38161
THAICOM 8               
1 41552U 16031A   26271.13348045 -.00000117  00000+0  00000+0 0  9992
2 41552   0.0804  33.0220 0000704  94.5245   5.9232  1.00273758 37757
INTELSAT 31 (IS-31)     
1 41581U 16035A   26269.31716770 -.00000148  00000+0  00000+0 0  9993
2 41581   0.0167 222.8228 0002214   1.9278 159.5323  1.00271911 37692
BEIDOU-2 G7             
1 41586U 16037A   26271.28237441 -.00000347  00000+0  00000+0 0  9993
2 41586   1.9689  69.6688 0004586 351.4900 158.1000  1.00267733  7929
ABS-2A (MONGOLSAT-1)    
1 41588U 16038A   26271.06146015  .00000000  00000+0  00000+0 0  9993
2 41588   0.0228 199.0080 0001541 307.7446 316.9495  1.00268796 37746
EUTELSAT 117 WEST B     
1 41589U 16038B   26271.24499978 -.00000006  00000+0  00000+0 0  9990
2 41589   0.0181  42.9572 0000367  44.3237 250.9480  1.00270448 37696
BRISAT                  
1 41591U 16039A   26271.14760718 -.00000191  00000+0  00000+0 0  9991
2 41591   0.0169 255.0976 0002128 296.5318  18.9700  1.00273781 37643
ECHOSTAR 18             
1 41592U 16039B   26271.06275834  .00000000  00000+0  00000+0 0  9991
2 41592   0.0206 179.7328 0001776  15.4020 132.9452  1.00269205 37653
MUOS-5                  
1 41622U 16041A   26271.24996620 -.00000120  00000+0  00000+0 0  9995
2 41622   1.9948 304.0576 0204541 260.9718 147.0099  1.00270656 38123
TIANTONG-1 1            
1 41725U 16048A   26271.28055440 -.00000311  00000+0  00000+0 0  9998
2 41725   4.0483  44.0624 0001545  93.7430  71.6677  1.00274674 37309
JCSAT-16                
1 41729U 16050A   26271.26665624  .00000000  00000+0  00000+0 0  9998
2 41729   0.0212 179.7587 0001201  29.4902  37.7425  1.00268875 37111
USA 270                 
1 41744U 16052A   26270.35888641 -.00000343  00000+0  00000+0 0  9993
2 41744   4.4532  75.8312 0008413 118.2902  67.3566  1.00263772 29153
USA 271                 
1 41745U 16052B   26269.69165354 -.00000177  00000+0  00000+0 0  9993
2 41745   4.4258  75.9178 0003016 175.0903 359.8162  0.99064596 28932
INTELSAT 36 (IS-36)     
1 41747U 16053A   26270.13365038  .00000000  00000+0  00000+0 0  9992
2 41747   0.0138 211.9895 0001493 133.3733 137.1792  1.00268169 36981
INSAT-3DR               
1 41752U 16054A   26271.00322561 -.00000072  00000+0  00000+0 0  9990
2 41752   0.0673  89.4076 0012293 174.7182 177.8561  1.00271108 36844
GSAT-18                 
1 41793U 16060A   26271.00322561 -.00000071  00000+0  00000+0 0  9991
2 41793   0.0419  93.1414 0002312  36.4977 312.2788  1.00271217 36557
SKY MUSTER 2 (NBN1B)    
1 41794U 16060B   26271.26665594 -.00000239  00000+0  00000+0 0  9992
2 41794   0.0145 239.1718 0001569 309.9963  58.7088  1.00273108 36555
HIMAWARI-9              
1 41836U 16064A   26270.64688101  .00000000  00000+0  00000+0 0  9998
2 41836   0.0093 208.6905 0001983  32.9409 138.4371  1.00269269 36230
SHIJIAN-17 (SJ-17)      
1 41838U 16065A   26269.99454979 -.00000095  00000+0  00000+0 0  9996
2 41838   6.0042  71.3234 0001713  89.6664 289.0765  0.99852008 36220
GOES 16                 
1 41866U 16071A   26271.24822215 -.00000086  00000+0  00000+0 0  9997
2 41866   0.5883  84.1103 0002124 141.4914 126.1192  1.00271306 36136
TIANLIAN 1-04           
1 41869U 16072A   26271.29077488  .00000037  00000+0  00000+0 0  9995
2 41869   1.1275  81.9140 0047086  97.2603 109.4343  1.00274785 36334
WGS F8 (USA 272)        
1 41879U 16075A   26269.86459031 -.00000199  00000+0  00000+0 0  9997
2 41879   0.0151 140.6616 0000224 228.4165  97.6526  1.00269230 35846
FENGYUN 4A              
1 41882U 16077A   26271.28488774 -.00000351  00000+0  00000+0 0  9998
2 41882   2.5754  78.9611 0008210 165.9202 347.8588  1.00272093 35966
ECHOSTAR 19             
1 41893U 16079A   26271.02740000 -.00000134  00000+0  00000+0 0  9996
2 41893   0.0012 178.6382 0001634  10.7368  90.2313  1.00271721 35731
JCSAT-110A (JCSAT-15)   
1 41903U 16082A   26271.04627999  .00000000  00000+0  00000+0 0  9996
2 41903   0.0213 182.0426 0000832  34.0215 277.5019  1.00268110 35790
STAR ONE D1             
1 41904U 16082B   26271.25525765 -.00000206  00000+0  00000+0 0  9997
2 41904   0.0089  85.1858 0002194 107.5313 182.2497  1.00272129 35801
TJS-2                   
1 41911U 17001A   26271.13105377 -.00000001  00000+0  00000+0 0  9990
2 41911   1.0908  83.6871 0002155 157.7992 239.2010  1.00272910 35751
SBIRS GEO-4 (USA 273)   
1 41937U 17004A   26271.18496066 -.00000160  00000+0  00000+0 0  9990
2 41937   2.4438  45.5777 0001986 134.4384 232.3634  1.00271188 35631
HISPASAT 36W-1          
1 41942U 17006A   26270.75443483 -.00000239  00000+0  00000+0 0  9992
2 41942   0.0187   7.6584 0001042 174.4038  60.1035  1.00272012 35279
TELKOM 3S               
1 41944U 17007A   26270.99871322 -.00000357  00000+0  00000+0 0  9999
2 41944   0.0179 211.4759 0002433 342.6660 290.2052  1.00271655 35172
INTELSAT 32E (IS-32E)   
1 41945U 17007B   26270.68163451 -.00000264  00000+0  00000+0 0  9990
2 41945   0.0137 235.3115 0000432 283.5341  49.8717  1.00273566 35252
ECHOSTAR 23             
1 42070U 17014A   26271.14617814  .00000000  00000+0  00000+0 0  9994
2 42070   0.0202 180.9685 0002117  10.5435 118.1416  1.00270401 34953
WGS F9 (USA 275)        
1 42075U 17016A   26270.61663422  .00000000  00000+0  00000+0 0  9998
2 42075   0.0242 200.3011 0000414   7.8718   8.2260  1.00268957 34929
SES-10                  
1 42432U 17017A   26270.81960844 -.00000268  00000+0  00000+0 0  9993
2 42432   0.0107 121.2124 0002771  76.6815  36.9089  1.00271647 34783
CHINASAT 16 (SJ-13)     
1 42662U 17018A   26271.62342378 -.00000347  00000+0  00000+0 0  9993
2 42662   0.0868  88.5629 0007259 141.0962 112.7308  1.00275533 34788
KOREASAT 7              
1 42691U 17023A   26271.04072525 -.00000357  00000+0  00000+0 0  9992
2 42691   0.0113 325.1454 0001027 245.7471 286.5088  1.00271908 34409
SGDC                    
1 42692U 17023B   26271.18854618 -.00000245  00000+0  00000+0 0  9995
2 42692   0.0172  96.6182 0002482 102.0291 161.3722  1.00272443 34437
GSAT-9                  
1 42695U 17024A   26271.06596684 -.00000282  00000+0  00000+0 0  9993
2 42695   0.0584  90.3887 0002683  89.8873 307.6957  1.00272580 34337
INMARSAT 5-F4           
1 42698U 17025A   26271.05782014  .00000000  00000+0  00000+0 0  9997
2 42698   0.0194 184.3194 0000647  47.4336 212.4004  1.00269743 34304
SES-15                  
1 42709U 17026A   26271.24177214  .00000065  00000+0  00000+0 0  9993
2 42709   0.0431 335.6147 0000500 225.9063 123.3998  1.00268918  8461
QZS-2 (MICHIBIKI-2)     
1 42738U 17028A   26269.76830115 -.00000163  00000+0  00000+0 0  9997
2 42738  39.2816 241.6589 0748568 270.6116 270.7346  1.00257610  8640
VIASAT-2                
1 42740U 17029A   26270.47660269 -.00000260  00000+0  00000+0 0  9990
2 42740   0.0202 246.7718 0001054 273.8414 307.3113  1.00271450 34226
EUTELSAT 172B           
1 42741U 17029B   26270.72436135  .00000000  00000+0  00000+0 0  9993
2 42741   0.0229 146.7972 0000010 192.6224  99.8916  1.00272263 34772
GSAT-19                 
1 42747U 17031A   26271.12741376  .00000130  00000+0  00000+0 0  9997
2 42747   0.0613  89.4519 0002974  45.8941 325.3011  1.00271714 34189
ECHOSTAR 21             
1 42749U 17032A   26271.19120069  .00000071  00000+0  00000+0 0  9991
2 42749   1.7859   2.2381 0002712 196.9698 246.8906  1.00271769 34133
BULGARIASAT-1           
1 42801U 17038A   26271.01433530  .00000015  00000+0  00000+0 0  9995
2 42801   0.0317  99.9656 0003806 114.2872 159.6176  1.00264234 33872
HELLAS-SAT 3            
1 42814U 17040A   26271.19692072  .00000157  00000+0  00000+0 0  9996
2 42814   0.0774  48.6372 0000939  67.9880   0.2736  1.00273474 33842
GSAT-17                 
1 42815U 17040B   26271.06518684 -.00000253  00000+0  00000+0 0  9997
2 42815   0.0409  92.5080 0004962 156.6631 234.6542  1.00270929 33820
INTELSAT 35E (IS-35E)   
1 42818U 17041A   26271.03979338  .00000000  00000+0  00000+0 0  9994
2 42818   0.0193 185.3250 0002188  10.5350 150.7832  1.00270534 33841
COSMOS 2520             
1 42907U 17046A   26271.12680709  .00000142  00000+0  00000+0 0  9996
2 42907   0.0248 128.7099 0000409 243.0620  85.8037  1.00272859 33421
TDRS 13                 
1 42915U 17047A   26271.18695400 -.00000093  00000+0  00000+0 0  9992
2 42915   3.4898   5.1712 0012967 125.0276 292.6866  1.00271346 33389
QZS-3 (MICHIBIKI-3)     
1 42917U 17048A   26270.92924225 -.00000343  00000+0  00000+0 0  9994
2 42917   0.0724 132.5405 0001572  47.8785 287.8178  1.00266511 33281
AMAZONAS 5              
1 42934U 17053A   26271.28802593 -.00000278  00000+0  00000+0 0  9999
2 42934   0.0479 321.3942 0002770 264.0204 184.3669  1.00270916 33078
ASIASAT 9               
1 42942U 17057A   26271.28462774 -.00000354  00000+0  00000+0 0  9990
2 42942   0.0053 172.8355 0002468  13.7288  45.0807  1.00271213 32917
INTELSAT 37E (IS-37E)   
1 42950U 17059A   26270.97184644  .00000000  00000+0  00000+0 0  9990
2 42950   0.0216 199.8215 0002878 354.2094 144.5924  1.00270804 33094
BSAT-4A                 
1 42951U 17059B   26270.78329494 -.00000345  00000+0  00000+0 0  9997
2 42951   0.0555  25.3750 0000988  87.5049 285.5216  1.00269718 32826
QZS-4 (MICHIBIKI-4)     
1 42965U 17062A   26269.50268174 -.00000286  00000+0  00000+0 0  9995
2 42965  40.0416 342.1926 0749827 269.8865  74.7518  1.00270849 32818
SES-11 (ECHOSTAR 105)   
1 42967U 17063A   26270.52693383 -.00000084  00000+0  00000+0 0  9992
2 42967   0.0023  57.6424 0002577 120.8816 272.5618  1.00271639 32746
KOREASAT 5A             
1 42984U 17067A   26271.04072525 -.00000353  00000+0  00000+0 0  9991
2 42984   0.0207 266.0089 0001170 317.1407 271.5206  1.00272318 32564
ALCOMSAT 1              
1 43039U 17078A   26270.97045976 -.00000181  00000+0  00000+0 0  9995
2 43039   0.0586 305.2185 0001945 244.1921 141.9412  1.00269666 32324
SBIRS GEO-3 (USA 282)   
1 43162U 18009A   26271.24508759  .00000134  00000+0  00000+0 0  9998
2 43162   2.2705  16.6302 0002068 180.1312  99.1218  1.00271897 31878
AL YAH 3                
1 43174U 18012A   26270.97141310 -.00000149  00000+0  00000+0 0  9997
2 43174   1.8095  81.6940 0003631 107.8981 146.8061  1.00272331 31873
SES-14                  
1 43175U 18012B   26270.82333513 -.00000273  00000+0  00000+0 0  9998
2 43175   0.0298  55.8611 0001221 126.8645  72.8159  1.00272141  8058
GOES 17                 
1 43226U 18022A   26271.19372214 -.00000177  00000+0  00000+0 0  9991
2 43226   1.1949  83.9423 0001244 147.3692 115.9363  1.00270763 31452
HISPASAT 30W-6          
1 43228U 18023A   26271.04074672 -.00000211  00000+0  00000+0 0  9994
2 43228   0.0514  24.7555 0002869 135.7988 190.9673  1.00271397 31431
SUPERBIRD-B3            
1 43271U 18033A   26270.86493530  .00000000  00000+0  00000+0 0  9995
2 43271   0.0184 168.6277 0001168  40.1165 271.2914  1.00270768 31092
HYLAS 4                 
1 43272U 18033B   26271.04005339 -.00000228  00000+0  00000+0 0  9996
2 43272   0.0882 269.6074 0001248 286.8928 151.2733  1.00271857 31096
IRNSS-1I                
1 43286U 18035A   26259.08269187  .00000081  00000+0  00000+0 0  9992
2 43286  28.9650  72.7792 0020697 177.9945 189.1474  1.00272519 30997
USA 283                 
1 43339U 18036A   26269.50506183  .00000000  00000+0  00000+0 0  9991
2 43339   0.0214 184.7451 0000314  87.5390  48.9240  1.00269708 26302
COSMOS 2526             
1 43432U 18037A   26270.95022214 -.00000339  00000+0  00000+0 0  9991
2 43432   0.0258 123.2023 0000372 180.7402 172.9561  1.00273374 30999
APSTAR-6C               
1 43450U 18041A   26270.21789073 -.00000313  00000+0  00000+0 0  9990
2 43450   0.0565 340.7908 0002069 255.6319 342.0662  1.00273558 30831
BANGABANDHUSAT-1        
1 43463U 18044A   26270.92768223 -.00000357  00000+0  00000+0 0  9997
2 43463   0.0229 118.5548 0002647  79.7568 261.4961  1.00271524 30732
SES-12                  
1 43488U 18049A   26270.92291554 -.00000265  00000+0  00000+0 0  9995
2 43488   0.0382  40.3997 0002086 202.4190 191.1667  1.00271755 30448
FENGYUN 2H              
1 43491U 18050A   26270.99108652 -.00000122  00000+0  00000+0 0  9996
2 43491   3.2872  77.7734 0002832 149.6015 215.5262  1.00271174 30471
BEIDOU-2 IGSO-7         
1 43539U 18057A   26269.62336420 -.00000098  00000+0  00000+0 0  9992
2 43539  55.2113 162.1925 0107746 236.3621 303.9024  1.00273159 30144
TELSTAR 19V             
1 43562U 18059A   26269.89375605 -.00000276  00000+0  00000+0 0  9995
2 43562   0.0111 177.5030 0002613   7.6591  79.2942  1.00270226 30161
TELKOM 4 (MERAH PUTIH)  
1 43587U 18064A   26271.06804685 -.00000339  00000+0  00000+0 0  9995
2 43587   0.0192 211.5949 0001497 356.2417 291.5415  1.00271665 29917
TELSTAR 18V             
1 43611U 18069A   26270.93140892 -.00000288  00000+0  00000+0 0  9999
2 43611   0.0251 255.0440 0001924 294.3612 290.6488  1.00271900 29679
AZERSPACE 2 (IS-38)     
1 43632U 18074A   26270.97947649  .00000000  00000+0  00000+0 0  9998
2 43632   0.0190 169.1619 0001552  39.8584 195.4715  1.00277761 29478
HORIZONS-3E             
1 43633U 18074B   26270.65077877 -.00000025  00000+0  00000+0 0  9999
2 43633   0.0148 192.8444 0000748 357.1336 219.7837  1.00270068 29364
AEHF-4 (USA 288)        
1 43651U 18079A   26271.29114902 -.00000271  00000+0  00000+0 0  9999
2 43651   1.4232 359.2001 0068421 358.6455  46.5451  1.00273483 29330
BEIDOU-3 G1             
1 43683U 18085A   26271.34264253 -.00000101  00000+0  00000+0 0  9994
2 43683   2.6475  94.4627 0005575  25.8617 170.2397  1.00271514 29093
GSAT-29                 
1 43698U 18089A   26271.12880043  .00000090  00000+0  00000+0 0  9997
2 43698   0.0189 223.6567 0002438 331.7329 272.9430  1.00270410 28828
ES'HAIL 2               
1 43700U 18090A   26270.98051314  .00000149  00000+0  00000+0 0  9992
2 43700   0.0139 125.2483 0001290  77.9184 182.3933  1.00273909 28709
GEO-KOMPSAT-2A          
1 43823U 18100A   26270.92950225 -.00000339  00000+0  00000+0 0  9995
2 43823   0.0469  23.1653 0001541 102.9871 343.4750  1.00272527 28664
GSAT-11                 
1 43824U 18100B   26270.88794685 -.00000072  00000+0  00000+0 0  9991
2 43824   0.0444 266.0144 0005966 218.2983 276.0377  1.00271646 28501
GSAT-7A                 
1 43864U 18105A   26271.13036044  .00000032  00000+0  00000+0 0  9992
2 43864   0.0623  86.6859 0002411 108.5731 281.3753  1.00270731 28485
COSMOS 2533             
1 43867U 18107A   26271.48814645 -.00000034  00000+0  00000+0 0  9999
2 43867   0.0219 115.7759 0000384 130.1741   7.0910  1.00272774 28488
TJS-3                   
1 43874U 18110A   26270.79956343  .00000027  00000+0  00000+0 0  9997
2 43874   2.8012  79.1429 0003541  29.5376   1.2866  1.00267841 28459
ZHONGXING-2D            
1 43920U 19001A   26271.00113990 -.00000332  00000+0  00000+0 0  9997
2 43920   0.0198  69.2811 0001367 231.4787 196.4892  1.00272424 55117
HELLAS-SAT 4 & SGS-1    
1 44034U 19007A   26271.19692072  .00000158  00000+0  00000+0 0  9998
2 44034   0.0597 131.4682 0006167  30.7827 314.6611  1.00273345 28412
GSAT-31                 
1 44035U 19007B   26269.96340878  .00000129  00000+0  00000+0 0  9993
2 44035   0.0318  92.1064 0004752 140.4846 167.9246  1.00272742 27983
NUSANTARA SATU          
1 44048U 19009A   26270.64792102 -.00000229  00000+0  00000+0 0  9999
2 44048   0.0225 152.8664 0004425   2.4278 230.4269  1.00271425 27794
ZHONGXING-6C            
1 44067U 19012A   26271.28627442 -.00000330  00000+0  00000+0 0  9992
2 44067   0.0534 350.1994 0013293  73.8356 176.5442  1.00269264 27778
WGS 10 (USA 291)        
1 44071U 19014A   26271.12984044  .00000052  00000+0  00000+0 0  9996
2 44071   0.0092 208.3385 0000248  40.7974 224.8448  1.00271880 27652
TIANLIAN 2-01           
1 44076U 19017A   26271.13313378 -.00000101  00000+0  00000+0 0  9997
2 44076   0.7977  82.3295 0003668 134.7083 274.8395  1.00271308 27684
ARABSAT-6A              
1 44186U 19021A   26270.69628124  .00000000  00000+0  00000+0 0  9999
2 44186   0.0186 348.3483 0006293 269.0628  30.2591  1.00273552 27189
BEIDOU-3 IGSO-1         
1 44204U 19023A   26270.80182037 -.00000210  00000+0  00000+0 0  9997
2 44204  58.8416  36.6030 0028004 223.7749 153.0498  1.00261581  8242
BEIDOU-2 G8             
1 44231U 19027A   26271.52284066 -.00000242  00000+0  00000+0 0  9991
2 44231   1.9131  74.2465 0009023 273.0309 352.7127  1.00267140 27116
YAMAL 601               
1 44307U 19031A   26271.24558735  .00000125  00000+0  00000+0 0  9995
2 44307   0.0138 183.2587 0002441   4.4388 316.7641  1.00271379 26965
AT&T T-16               
1 44333U 19034A   26271.17925522 -.00000110  00000+0  00000+0 0  9996
2 44333   0.0147 133.5169 0000335 282.7124 274.4406  1.00271840 26666
EUTELSAT 7C             
1 44334U 19034B   26271.19059402  .00000053  00000+0  00000+0 0  9999
2 44334   0.0669 182.8553 0003246 351.2415 268.5090  1.00270557  7867
BEIDOU-3 IGSO-2         
1 44337U 19035A   26269.61391384 -.00000113  00000+0  00000+0 0  9993
2 44337  55.2492 157.9721 0038627 210.4152 337.7061  1.00269067 26683
COSMOS 2539             
1 44457U 19048A   26270.85322519  .00000086  00000+0  00000+0 0  9990
2 44457   0.0169 133.8517 0000170 112.8500  79.1186  1.00271683 26250
EDRS-C                  
1 44475U 19049A   26270.64722769 -.00000257  00000+0  00000+0 0  9990
2 44475   0.0152 207.6661 0001248 342.8593 191.4384  1.00271247 26238
INTELSAT 39 (IS-39)     
1 44476U 19049B   26271.13018711  .00000038  00000+0  00000+0 0  9997
2 44476   0.0148 226.0109 0000681 245.5560   4.1837  1.00271052 26168
AMOS-17                 
1 44479U 19050A   26270.90748881  .00000115  00000+0  00000+0 0  9990
2 44479   0.0399 341.9563 0001800 207.1086 161.3448  1.00274118 26217
AEHF-5 (USA 292)        
1 44481U 19051A   26271.06510017 -.00000253  00000+0  00000+0 0  9994
2 44481   1.3870 344.7205 0029029   9.6937 128.9236  1.00268303 26296
EUTELSAT 5 WEST B       
1 44624U 19067A   26270.97435978 -.00000037  00000+0  00000+0 0  9991
2 44624   0.0665 351.4333 0003235 197.1881 163.9307  1.00271469 25454
MEV-1                   
1 44625U 19067B   26269.98517263 -.00000142  00000+0  00000+0 0  9996
2 44625   0.7899 267.8763 0004313 280.5717 328.1712  1.00271423 62491
TJS-4                   
1 44637U 19070A   26271.20669881 -.00000165  00000+0  00000+0 0  9990
2 44637   0.0987 284.6097 0004390  26.2078 214.0894  1.00272680 25570
BEIDOU-3 IGSO-3         
1 44709U 19073A   26270.43080726 -.00000162  00000+0  00000+0 0  9999
2 44709  54.6300 279.7822 0046627 198.4307 161.4154  1.00258989 25481
TIBA-1                  
1 44800U 19080A   26271.05366012  .00000161  00000+0  00000+0 0  9991
2 44800   0.0591 351.5269 0002546 203.5435 226.6161  1.00274799 25070
INMARSAT GX5            
1 44801U 19080B   26271.19137403  .00000000  00000+0  00000+0 0  9999
2 44801   0.0157   1.8445 0002057 207.5297 237.4892  1.00269848  7820
JCSAT-18 (KACIFIC 1)    
1 44868U 19091A   26271.14752051 -.00000196  00000+0  00000+0 0  9998
2 44868   0.0553 335.7869 0000463 260.2896 333.9963  1.00271022 25044
ELEKTRO-L 3             
1 44903U 19095A   26271.19484071  .00000045  00000+0  00000+0 0  9993
2 44903   0.2088  78.1217 0002775  87.5140 299.8176  0.99409389 24742
SHIJIAN-20 (SJ-20)      
1 44910U 19097A   26270.12801703  .00000156  00000+0  00000+0 0  9993
2 44910   5.1734  73.7475 0003076 165.8161 212.7237  1.00268376 24729
TJS-5                   
1 44978U 20002A   26269.98703940 -.00000338  00000+0  00000+0 0  9994
2 44978   0.2486  82.9352 0007133 354.8327  30.8942  1.00272953 24730
GSAT-30                 
1 45026U 20005A   26271.13434713 -.00000159  00000+0  00000+0 0  9992
2 45026   0.0500  90.0398 0001603  66.6966 341.5587  1.00270609 24545
EUTELSAT KONNECT        
1 45027U 20005B   26271.19059402  .00000055  00000+0  00000+0 0  9991
2 45027   0.0669  97.4576 0001937 130.9531 214.4192  1.00270060 25366
JCSAT-17                
1 45245U 20013A   26271.00217991 -.00000314  00000+0  00000+0 0  9990
2 45245   5.3993 357.8109 0004592 190.1498 315.6176  1.00271238 24263
GEO-KOMPSAT-2B          
1 45246U 20013B   26270.92950225 -.00000339  00000+0  00000+0 0  9992
2 45246   0.0466 331.7954 0001722 257.0463 240.7779  1.00273017 24317
BEIDOU-3 G2             
1 45344U 20017A   26271.06250016 -.00000133  00000+0  00000+0 0  9994
2 45344   2.6120  48.6171 0002442 143.2492 277.5552  1.00271077 24292
AEHF-6 (USA 298)        
1 45465U 20022B   26271.16433714 -.00000296  00000+0  00000+0 0  9993
2 45465   2.3381 302.7175 0043264   9.3203 251.7861  1.00275637 24045
BEIDOU-3 G3             
1 45807U 20040A   26271.28237441 -.00000347  00000+0  00000+0 0  9992
2 45807   2.6940  67.3688 0002928 283.0319 228.9148  1.00271921 23105
APSTAR-6D               
1 45863U 20045A   26270.57425403 -.00000312  00000+0  00000+0 0  9999
2 45863   0.0424 105.0176 0001883 329.2226 272.9051  1.00271684 22889
KOREASAT 116            
1 45920U 20048A   26270.99836655 -.00000357  00000+0  00000+0 0  9996
2 45920   0.0197 259.5800 0001167 291.1094 291.7345  1.00274177 22676
EXPRESS 103             
1 45985U 20053A   26270.99446654 -.00000276  00000+0  00000+0 0  9999
2 45985   0.0321 255.4660 0001074 192.9961  12.8601  1.00272997 22678
EXPRESS 80              
1 45986U 20053B   26263.15064726 -.00000146  00000+0  00000+0 0  9992
2 45986   0.0271 170.2364 0064633  63.5597 259.7327  1.00286177 22599
BSAT-4B                 
1 46112U 20056A   26271.04627999 -.00000345  00000+0  00000+0 0  9992
2 46112   0.0340 128.4950 0003954  34.9926 329.8514  1.00270272 22429
MEV-2                   
1 46113U 20056B   26271.18903402 -.00000006  00000+0  00000+0 0  9998
2 46113   0.0238 247.1790 0000345  14.5956 172.2706  1.00272129 81640
GALAXY 30 (G-30)        
1 46114U 20056C   26271.26884286  .00000000  00000+0  00000+0 0  9999
2 46114   0.0187 183.3625 0002468  13.8900 141.5783  1.00270159 22326
GAOFEN-13 01            
1 46610U 20071A   26271.03516777 -.00000357  00000+0  00000+0 0  9995
2 46610   0.1640  80.3667 0059299 121.9919 295.5556  1.00267287 21953
TIANTONG-1 2            
1 46916U 20082A   26271.21399412 -.00000351  00000+0  00000+0 0  9995
2 46916   0.7020 344.6431 0001149 255.2926 329.0648  1.00273009 21689
LUCAS (JDRS-1)          
1 47202U 20089A   26271.06466683 -.00000231  00000+0  00000+0 0  9996
2 47202   0.0245 253.5786 0002519 311.7635 275.5783  1.00273455 21453
SXM-7                   
1 47240U 20096A   26271.25326451 -.00000200  00000+0  00000+0 0  9991
2 47240   0.0156 145.2777 0004543 342.6339 245.1737  1.00271778  8471
CMS-01                  
1 47256U 20099A   26271.06310683 -.00000160  00000+0  00000+0 0  9995
2 47256   0.0773  87.8944 0005709 166.1376 218.5492  1.00272503 21233
TURKSAT 5A              
1 47306U 21001A   26270.62512759  .00000159  00000+0  00000+0 0  9991
2 47306   0.0201 141.4915 0000046 195.4567 285.4677  1.00271745 20993
TIANTONG-1 3            
1 47321U 21003A   26271.06276016 -.00000151  00000+0  00000+0 0  9995
2 47321   1.6974 345.8832 0003587 216.1562 268.9590  1.00272008 20994
TJS-6                   
1 47613U 21010A   26271.28623670  .00000049  00000+0  00000+0 0  9998
2 47613   0.0133 174.1125 0003763  14.9860  99.5668  1.00274479 20849
SBIRS GEO-5 (USA 315)   
1 48618U 21042A   26271.11503035 -.00000267  00000+0  00000+0 0  9996
2 48618   4.9838 329.9296 0002076 223.6062 308.5840  1.00271178 19800
FENGYUN 4B              
1 48808U 21047A   26270.42588005 -.00000325  00000+0  00000+0 0  9990
2 48808   0.4041  80.9369 0008163 278.8500 264.4727  1.00272846 19598
SXM-8                   
1 48838U 21049A   26270.39826684 -.00000201  00000+0  00000+0 0  9992
2 48838   0.0415  36.3528 0005524 359.5558  28.5368  1.00271856 19604
TIANLIAN 1-05           
1 49011U 21063A   26271.26382766  .00000114  00000+0  00000+0 0  9999
2 49011   1.8517  79.6148 0004274 149.7892 249.4775  1.00270864 19119
STAR ONE D2             
1 49055U 21069A   26269.82104743 -.00000261  00000+0  00000+0 0  9993
2 49055   0.0060 167.9139 0002580  13.7319  49.5681  1.00272635 18970
EUTELSAT QUANTUM        
1 49056U 21069B   26271.12741376  .00000131  00000+0  00000+0 0  9994
2 49056   0.0251  70.5732 0002395 120.8502 269.0808  1.00272887 18967
ZHONGXING-2E            
1 49062U 21071A   26271.11503035 -.00000286  00000+0  00000+0 0  9993
2 49062   0.0573 305.8873 0001336 283.9196 276.5701  1.00269953 19073
TJS-7                   
1 49115U 21077A   26271.30747858 -.00000119  00000+0  00000+0 0  9997
2 49115   0.0999 258.5266 0001618  93.6334  26.2000  1.00272738 10581
CHINASAT 9B             
1 49125U 21080A   26271.28046773 -.00000308  00000+0  00000+0 0  9997
2 49125   0.0112 215.2350 0003357 344.8200   9.4082  1.00272988 18687
SHIJIAN-21 (SJ-21)      
1 49330U 21094A   26271.31141633 -.00000340  00000+0  00000+0 0  9991
2 49330   5.3519  60.4730 0054230 173.3953  13.1596  1.00278256  6393
SES-17                  
1 49332U 21095A   26269.46528168 -.00000269  00000+0  00000+0 0  9999
2 49332   0.0434  25.2678 0001074 160.5368 279.8891  1.00269982 18870
SYRACUSE 4A             
1 49333U 21095B   26270.20029733  .00000140  00000+0  00000+0 0  9995
2 49333   0.0205 223.3095 0001468 313.7102 306.6112  1.00271867 18977
QZS-1R (MICHIBIKI-1R)   
1 49336U 21096A   26270.35871309 -.00000193  00000+0  00000+0 0  9998
2 49336  37.6730  78.0742 0744661 270.0877 281.8232  1.00282955 18030
ZHONGXING-1D            
1 49505U 21114A   26271.28627442 -.00000331  00000+0  00000+0 0  9991
2 49505   0.0569 336.7440 0001646 281.9337 341.6582  1.00271581 17857
STPSAT-6                
1 49817U 21118A   26270.88192205 -.00000039  00000+0  00000+0 0  9995
2 49817   0.5786  83.9672 0001370 198.6330 289.6433  1.00271697 17605
EXPRESS AMU-7           
1 50001U 21123A   26271.27475264 -.00000237  00000+0  00000+0 0  9991
2 50001   0.0241 251.9427 0000118 296.7803  62.2763  1.00271835 17573
EXPRESS AMU-3           
1 50002U 21123B   26270.69591508 -.00000317  00000+0  00000+0 0  9996
2 50002   0.0316 251.1185 0000576 159.8230 309.0915  1.00272150  8067
TIANLIAN 2-02           
1 50005U 21124A   26270.79542833 -.00000008  00000+0  00000+0 0  9995
2 50005   1.0587  84.3210 0004197 156.3011 223.3125  1.00271947 17657
TURKSAT 5B              
1 50212U 21126A   26270.98371981  .00000151  00000+0  00000+0 0  9990
2 50212   0.0774 337.1176 0002267 314.6811 111.1277  1.00272677 17324
INMARSAT 6-F1           
1 50319U 21128A   26270.56428733  .00000000  00000+0  00000+0 0  9995
2 50319   0.0190 177.4829 0000310  56.7097  59.0780  1.00268833 17284
SHIYAN-12 01 (SY-12 01) 
1 50321U 21129A   26270.48654698  .00000087  00000+0  00000+0 0  9996
2 50321   3.9306  78.4552 0002255 174.8617 338.9672  1.00481924 17525
SHIYAN-12 02 (SY-12 02) 
1 50322U 21129B   26270.82575322 -.00000065  00000+0  00000+0 0  9998
2 50322   3.9297  78.4424 0004163 104.4728 281.2726  1.00440300 17539
TJS-9                   
1 50574U 21135A   26271.28766109 -.00000293  00000+0  00000+0 0  9993
2 50574   0.0453  99.8413 0005375 233.1223 274.9139  1.00270765 17466
GOES 18                 
1 51850U 22021A   26271.01951331  .00000101  00000+0  00000+0 0  9997
2 51850   0.0182 309.0353 0000649 301.9944 345.8299  1.00273364  7625
ZHONGXING-6D            
1 52255U 22038A   26270.63499854  .00000000  00000+0  00000+0 0  9997
2 52255   0.0330 167.6317 0002767  61.1626 131.1818  1.00269244 16459
NILESAT 301             
1 52817U 22061A   26270.97401311 -.00000053  00000+0  00000+0 0  9994
2 52817   0.0647  11.8376 0001391 185.3378 153.1939  1.00271051 15764
CMS-02 (GSAT-24)        
1 52903U 22067A   26271.13434713 -.00000160  00000+0  00000+0 0  9996
2 52903   0.0205 111.6981 0002778 148.9999 237.5871  1.00271295 15644
MEASAT 3D               
1 52904U 22067B   26271.06475350 -.00000237  00000+0  00000+0 0  9996
2 52904   0.0519 355.5632 0002150 250.3130 235.8196  1.00271930 15685
SES-22                  
1 52933U 22071A   26271.13977486  .00000000  00000+0  00000+0 0  9995
2 52933   0.0181 204.6423 0001136 359.3052  74.2981  1.00273171  8554
WFOV (USA 332)          
1 52940U 22073A   26270.92768223 -.00000355  00000+0  00000+0 0  9992
2 52940   3.9669  77.1468 0002768 167.0217 215.8442  1.00270577 15400
TIANLIAN 2-03           
1 53100U 22078A   26271.01433530  .00000077  00000+0  00000+0 0  9997
2 53100   0.9283  77.8010 0001833 153.2506 151.4786  1.00271970 15570
SBIRS GEO-6 (USA 336)   
1 53355U 22092A   26270.21875740 -.00000291  00000+0  00000+0 0  9998
2 53355   3.0980 319.3133 0001996 227.6511  36.8196  1.00271353 15253
EUTELSAT KONNECT VHTS   
1 53765U 22110A   26270.19189061  .00000022  00000+0  00000+0 0  9996
2 53765   0.0557 103.6863 0002597  59.4745 274.6511  1.00268684  7850
ZHONGXING-1E            
1 53813U 22112A   26271.01011068 -.00000145  00000+0  00000+0 0  9992
2 53813   0.0494 351.0524 0003486 274.4452 186.3914  1.00271295 14877
SES-20                  
1 53960U 22123A   26269.60065316 -.00000097  00000+0  00000+0 0  9990
2 53960   0.0353  84.0171 0001637  28.6789   5.8691  1.00271221 14554
SES-21                  
1 53961U 22123B   26269.66643345  .00000073  00000+0  00000+0 0  9994
2 53961   0.0358  64.0811 0001099 115.0927 295.2253  1.00271176  8232
GALAXY 33 (G-33)        
1 54026U 22128A   26270.66395443  .00000084  00000+0  00000+0 0  9999
2 54026   0.0204 131.8211 0001957  56.4856 284.2010  1.00272416 14777
GALAXY 34 (G-34)        
1 54027U 22128B   26268.59764721  .00000000  00000+0  00000+0 0  9996
2 54027   0.0248 180.4066 0001682   9.1537 261.0121  1.00269398 14917
ANGOSAT 2               
1 54033U 22131A   26271.26504100  .00000141  00000+0  00000+0 0  9994
2 54033   0.0007 173.9839 0000594  38.0062 273.4835  1.00275873 14517
EUTELSAT HOTBIRD 13F    
1 54048U 22134A   26269.55238206  .00000091  00000+0  00000+0 0  9997
2 54048   0.0648 286.6384 0001892  72.4239 218.1708  1.00272282 14393
LDPE-2                  
1 54219U 22144A   26271.01433530 -.00000147  00000+0  00000+0 0  9992
2 54219   5.8434  62.6646 0000519 225.7071  88.8321  0.98890926 12864
EUTELSAT HOTBIRD 13G    
1 54225U 22146A   26270.69281456  .00000092  00000+0  00000+0 0  9990
2 54225   0.0513 237.4659 0002109 303.6952  87.7547  1.00271873  8493
ZHONGXING-19            
1 54230U 22148A   26271.28655728 -.00000076  00000+0  00000+0 0  9994
2 54230   0.0460 258.1237 0005074 292.5043  82.7907  1.00271514 14419
GALAXY 31 (G-31)        
1 54243U 22153A   26270.66629444  .00000018  00000+0  00000+0 0  9996
2 54243   0.0146 133.0967 0001405  59.0380 293.2083  1.00272439  8165
GALAXY 32 (G-32)        
1 54244U 22153B   26271.19243660 -.00000169  00000+0  00000+0 0  9996
2 54244   0.0155 266.7590 0000371 357.9920  80.5258  1.00271326 14176
EUTELSAT 10B            
1 54259U 22157A   26270.33583300  .00000074  00000+0  00000+0 0  9993
2 54259   0.0560 100.4893 0001276   4.9283  31.6484  1.00274818 14052
GALAXY 35 (G-35)        
1 54741U 22170A   26271.22237782 -.00000157  00000+0  00000+0 0  9996
2 54741   0.0101 140.0679 0002082  48.8685 165.0443  1.00271228 13924
GALAXY 36 (G-36)        
1 54742U 22170B   26271.15263970 -.00000180  00000+0  00000+0 0  9993
2 54742   0.0141 186.1669 0001722 313.8739 192.8726  1.00271400 13816
METEOSAT-12 (MTG-I1)    
1 54743U 22170C   26271.18912068 -.00000002  00000+0  00000+0 0  9999
2 54743   0.7463  21.2698 0003352  96.8329 316.5487  1.00273764 14013
SHIJIAN-23 (SJ-23)      
1 55131U 23002A   26270.63240762  .00000037  00000+0  00000+0 0  9997
2 55131   3.9732  76.9566 0003250 223.6246   1.2309  1.00024636 13534
APSTAR-6E               
1 55239U 23005A   26271.21572747 -.00000312  00000+0  00000+0 0  9992
2 55239   0.0295 235.8892 0004295 337.7015   5.1105  1.00271916 19734
USA 342                 
1 55263U 23008A   26268.98429868  .00000000  00000+0  00000+0 0  9990
2 55263   0.0127 185.5742 0000213  91.7174 105.7821  1.00270900 13524
ELEKTRO-L 4             
1 55506U 23016A   26270.52205806 -.00000054  00000+0  00000+0 0  9996
2 55506   0.0813  64.0174 0002223 133.9792 162.0232  1.00270990 13367
AMAZONAS NEXUS          
1 55508U 23017A   26270.25885032 -.00000278  00000+0  00000+0 0  9992
2 55508   0.0562  25.4890 0002506 121.2418 251.5415  1.00273342  8067
ZHONGXING-26            
1 55686U 23023A   26269.85973696 -.00000349  00000+0  00000+0 0  9993
2 55686   0.0605  66.0033 0002028  67.7729 306.5021  1.00269806 13240
LUCH-5X (OLYMP-K 2)     
1 55841U 23031A   26270.20359066  .00000037  00000+0  00000+0 0  9998
2 55841   0.0181 117.8305 0000722  54.8218 328.6394  1.00277415 12969
GAOFEN-13 02            
1 55912U 23036A   26271.19280620 -.00000212  00000+0  00000+0 0  9996
2 55912   1.0167  13.7950 0003587 297.7954 273.0395  1.00273222 13125
SES-18                  
1 55970U 23038A   26270.50565387 -.00000096  00000+0  00000+0 0  9992
2 55970   0.0358 270.0062 0002813 321.0230 214.2353  1.00272018 13124
SES-19                  
1 55971U 23038B   26270.66352110  .00000092  00000+0  00000+0 0  9993
2 55971   0.0424 277.0287 0001767 269.7184 283.7210  1.00273390 13125
INTELSAT 40E (IS-40E)   
1 56174U 23052A   26271.19243616 -.00000169  00000+0  00000+0 0  9990
2 56174   0.0106 211.4870 0002755 341.7073 152.0884  1.00271550 12854
VIASAT-3 F1             
1 56370U 23060A   26270.91975571 -.00000180  00000+0  00000+0 0  9991
2 56370   0.0189 225.1300 0000440 312.9279  70.8379  1.00270234 12461
ARCTURUS                
1 56371U 23060B   26270.99905990 -.00000355  00000+0  00000+0 0  9992
2 56371   3.0328  78.5978 0001058 199.9212 207.7021  1.00270536 12490
GS-1                    
1 56372U 23060C   26269.82653979 -.00000176  00000+0  00000+0 0  9991
2 56372   2.9810  78.5345 0003069 264.0957  45.9507  1.00248216  8550
BEIDOU-3 G4             
1 56564U 23066A   26271.28818109 -.00000275  00000+0  00000+0 0  9991
2 56564   0.4431   1.5556 0005734 208.1437  41.1473  1.00275177 12425
ARABSAT-7B (BADR-8)     
1 56757U 23075A   26270.98051314  .00000150  00000+0  00000+0 0  9999
2 56757   0.0777  23.4972 0001391 337.1109  25.1697  1.00271242 12145
NVS-01 (IRNSS-1J)       
1 56759U 23076A   26271.21486079 -.00000333  00000+0  00000+0 0  9993
2 56759   1.9316 239.5575 0006407   3.5973 330.7563  1.00269059 12141
NUSANTARA TIGA (SATRIA) 
1 57045U 23086A   26270.79048831  .00000000  00000+0  00000+0 0  9995
2 57045   0.0175 357.8896 0003147 288.7003 150.5636  1.00268757 10783
H2SAT (HEINRICH HERTZ)  
1 57213U 23093A   26269.98202093  .00000007  00000+0  00000+0 0  9998
2 57213   0.0454  41.1714 0000107 247.6200  71.2339  1.00272623 11932
SYRACUSE 4B             
1 57214U 23093B   26270.99904544  .00000000  00000+0  00000+0 0  9995
2 57214   0.0218 195.9302 0000221  63.0675 100.9999  1.00270097  7991
JUPITER 3 (ECHOSTAR 24) 
1 57479U 23108A   26270.24769805 -.00000145  00000+0  00000+0 0  9993
2 57479   0.0148 134.9095 0001052  51.8047 173.3115  1.00271210 11682
GALAXY 37 (G-37)        
1 57493U 23112A   26271.26817831  .00000000  00000+0  00000+0 0  9999
2 57493   0.0207 192.6750 0002283  14.8142 129.1006  1.00271604 11578
LUDI TANCE-4 01A        
1 57624U 23120A   26270.61243744 -.00000187  00000+0  00000+0 0  9995
2 57624  15.0395 191.4560 0004155  50.5492  74.5208  1.00273500 11573
TJS-10                  
1 58204U 23169A   26270.79135625 -.00000242  00000+0  00000+0 0  9992
2 58204   2.8008  79.1535 0004663 137.2809 167.4893  1.00270479 10568
ZHONGXING-6E            
1 58253U 23172A   26271.04072525 -.00000356  00000+0  00000+0 0  9994
2 58253   0.0201 231.5182 0002536 318.8795 306.6372  1.00270566 10697
YAOGAN-41               
1 58582U 23197A   26271.28488774 -.00000361  00000+0  00000+0 0  9995
2 58582   2.9522 314.9341 0013621 214.0195  63.7979  1.00266917 10352
OVZON-3                 
1 58698U 24003A   26271.12975377  .00000056  00000+0  00000+0 0  9993
2 58698   0.0120 189.3129 0000302 281.2333   2.8233  1.00273166  8485
INSAT-3DS               
1 58990U 24033A   26271.13417380 -.00000151  00000+0  00000+0 0  9994
2 58990   0.0200 172.9270 0001484  26.5043 297.8928  1.00270956 48108
MERAH PUTIH 2           
1 58995U 24035A   26271.06900019 -.00000353  00000+0  00000+0 0  9993
2 58995   0.0189 211.3093 0001149 358.7795 294.5885  1.00271699  9627
TJS-11                  
1 59020U 24037A   26270.09975307 -.00000363  00000+0  00000+0 0  9990
2 59020   4.0749 328.4081 0002923 283.1461 262.8231  1.00271994  9601
HULIANWAN GAOGUI-01 (H*)
1 59069U 24040A   26270.55432061  .00000161  00000+0  00000+0 0  9998
2 59069   0.0969 339.7908 0001676  28.3691 231.3822  1.00273523  8353
EUTELSAT 36D            
1 59346U 24059A   26271.19631405  .00000161  00000+0  00000+0 0  9990
2 59346   0.0193 205.8612 0000093  86.1174 181.5634  1.00270681  9186
PAKSAT-MM1              
1 59915U 24104A   26270.98293981  .00000159  00000+0  00000+0 0  9999
2 59915   0.0261 214.3414 0002213 323.4107 221.0853  1.00273932  8553
ASTRA 1P (SES-24)       
1 60086U 24115A   26271.19302069  .00000125  00000+0  00000+0 0  9997
2 60086   0.0618 355.7713 0002937 233.8269 226.0989  1.00273725  8238
GOES 19                 
1 60133U 24119A   26271.25601148 -.00000244  00000+0  00000+0 0  9994
2 60133   0.0435  19.0792 0000640 240.3285 124.6291  1.00272352  7991
ZHONGXING-3A            
1 60179U 24122A   26269.95539477 -.00000309  00000+0  00000+0 0  9999
2 60179   0.0104 356.9750 0002877 217.2568 237.0550  1.00271112  8320
TURKSAT 6A              
1 60233U 24127A   26270.98371981  .00000151  00000+0  00000+0 0  9998
2 60233   0.0206 194.8776 0004807  10.0817 197.9452  1.00273463  8047
HULIANWAN GAOGUI-02 (H*)
1 60327U 24135A   26271.14812718 -.00000169  00000+0  00000+0 0  9998
2 60327   0.0696 349.7501 0004519 355.9393 227.6638  1.00268921  8524
ZHONGXING-4A            
1 60606U 24151A   26270.99879990 -.00000359  00000+0  00000+0 0  9994
2 60606   1.0573 269.9279 0001058  21.5904 193.0705  1.00274457  7782
HULIANWAN GAOGUI-03 (H*)
1 61503U 24181A   26270.81752844 -.00000236  00000+0  00000+0 0  9997
2 61503   0.0759 353.5241 0000383  96.6523 133.6273  1.00269798  7853
DSN-3 (KIRAMEKI-3)      
1 61733U 24198A   26271.26665698 -.00000245  00000+0  00000+0 0  9990
2 61733   0.0187 160.0172 0001319  27.8816  59.2406  1.00271532  6958
KOREASAT 6A             
1 61910U 24206A   26270.99836655 -.00000357  00000+0  00000+0 0  9993
2 61910   0.0099 193.9877 0000922 352.2281 296.0275  1.00272004  6875
OPTUS-X (ADS-01)        
1 62006U 24212A   26271.14890719 -.00000138  00000+0  00000+0 0  9993
2 62006   0.0383 265.4517 0002791 285.1708  26.3516  1.00271658  6795
GSAT-N2 (GSAT-20)       
1 62028U 24214A   26271.06016015 -.00000014  00000+0  00000+0 0  9992
2 62028   0.0383  95.4743 0000971 234.8863 126.1710  1.00269205  6927
SXM-9                   
1 62259U 24234A   26268.89143586  .00000000  00000+0  00000+0 0  9995
2 62259   0.0131 212.3875 0004694  97.4093 290.6679  1.00270737  6589
TJS-12                  
1 62374U 24246A   26271.19280620 -.00000226  00000+0  00000+0 0  9995
2 62374   0.4729 314.4131 0000999 180.0482  88.4641  1.00273054  6596
NUVIEW ALPHA            
1 62455U 24252B   26271.06045596 -.00000210  00000+0  00000+0 0  9992
2 62455   0.0610  20.9949 0000557 234.0511  50.4808  1.00272262  4851
AGILA                   
1 62456U 24252C   26271.17439331 -.00000088  00000+0  00000+0 0  9992
2 62456   0.0368 121.3969 0001228 159.2676 305.0387  1.00525959  6190
NUVIEW BRAVO            
1 62457U 24252D   26271.27917385 -.00000210  00000+0  00000+0 0  9991
2 62457   0.0639 159.8185 0001757  35.3266 189.3460  1.00271513  4821
THURAYA-4               
1 62483U 25001A   26270.97947697  .00000144  00000+0  00000+0 0  9993
2 62483   0.0221 104.8622 0000130 112.9694 185.8576  1.00272321  5204
SHIJIAN-25 (SJ-25)      
1 62485U 25002A   26270.81190831 -.00000342  00000+0  00000+0 0  9990
2 62485   5.3520  60.4522 0047422 180.3499 185.4830  1.00263996  6397
TJS-14                  
1 62804U 25017A   26271.19284736  .00000120  00000+0  00000+0 0  9994
2 62804   0.5703 306.4433 0003785 321.0099 187.3707  1.00273757  6301
SPAINSAT NG I           
1 62852U 25021A   26270.98111980  .00000000  00000+0  00000+0 0  9995
2 62852   0.0169 196.3557 0000279  10.3421 182.2560  1.00272877  5010
QZS-6 (MICHIBIKI-6)     
1 62876U 25023A   26271.06458016 -.00000229  00000+0  00000+0 0  9991
2 62876   0.0273 288.0012 0002116 273.4995 279.1659  1.00271289  5984
ZHONGXING-10R           
1 63075U 25036A   26271.10947542 -.00000347  00000+0  00000+0 0  9990
2 63075   0.0544 245.1053 0005062 301.3688 330.3758  1.00269826  5994
TJS-15                  
1 63157U 25045A   26270.83356338 -.00000211  00000+0  00000+0 0  9997
2 63157   0.4660  84.4732 0000775 187.1168 123.8141  1.00268711  5785
TIANLIAN 2-04           
1 63361U 25062A   26270.63483429 -.00000137  00000+0  00000+0 0  9990
2 63361   4.1200 273.0309 0033521   8.0096  33.9568  1.00273023  5635
TJS-16                  
1 63397U 25064A   26270.82198700 -.00000098  00000+0  00000+0 0  9993
2 63397   1.3549  80.5291 0002012 229.8138 152.8973  1.00271601  5429
TJS-17                  
1 63524U 25073A   26270.82379720 -.00000064  00000+0  00000+0 0  9991
2 63524   1.3211  81.5522 0001928 175.8055 210.3415  1.00271640  5321
TIANLIAN 2-05           
1 63662U 25084A   26270.76552821  .00000123  00000+0  00000+0 0  9999
2 63662   4.2001 278.7352 0000797 240.2381 143.5694  1.00270402  5417
TJS-19                  
1 63924U 25097A   26270.81993725 -.00000274  00000+0  00000+0 0  9990
2 63924   3.1259 319.2623 0006517 271.3596 212.3821  1.00274875  5170
CHINASAT 3B             
1 64062U 25106A   26271.28655728 -.00000040  00000+0  00000+0 0  9996
2 64062   0.0186   8.3570 0002817 198.0147  71.1655  1.00270855  5093
SXM-10                  
1 64290U 25122A   26271.02367332 -.00000012  00000+0  00000+0 0  9999
2 64290   0.0054 106.5961 0001493 237.8377 274.7664  1.00271815  4717
COSMOS 2589             
1 64467U 25131A   26270.78658829 -.00000327  00000+0  00000+0 0  9990
2 64467   0.1944  88.7408 0014230 352.6203 335.5499  1.00441050  4583
CHINASAT 9C             
1 64470U 25132A   26271.00924641 -.00000243  00000+0  00000+0 0  9996
2 64470   0.0422 247.6963 0003148 299.7197 274.9383  1.00273075  5172
MTG-S1                  
1 64723U 25143A   26271.18912068 -.00000001  00000+0  00000+0 0  9990
2 64723   0.6160 343.3999 0004059 255.6329 195.8157  1.00273870  4454
DROR 1                  
1 64784U 25148A   26270.83200183 -.00000029  00000+0  00000+0 0  9991
2 64784   0.0280  93.6435 0001053 151.9960  56.5189  1.00273204  4323
SHIYAN-29               
1 65486U 25196A   26269.83299441 -.00000264  00000+0  00000+0 0  9998
2 65486  28.9282  17.2579 0016098 178.0677 205.2674  1.00283837  3903
NUSANTARA LIMA (NUSANT*)
1 65588U 25205A   26270.92646890 -.00000353  00000+0  00000+0 0  9997
2 65588   0.0038 132.2575 0000566 119.8108 201.0506  1.00272044  3743
TJS-20                  
1 66142U 25238A   26271.13027377  .00000023  00000+0  00000+0 0  9990
2 66142   5.2492 299.2045 0003350 254.5023 282.4930  1.00272893  3368
CMS-03 (GSAT-7R)        
1 66311U 25249B   26271.00322561 -.00000072  00000+0  00000+0 0  9994
2 66311   0.0159 243.3075 0000645 309.9291 248.7204  1.00272112  3372
VIASAT-3 F2             
1 66454U 25261A   26271.28129187 -.00000229  00000+0  00000+0 0  9999
2 66454   0.0146 266.2880 0001297 353.7934 129.2768  1.00271429  3827
SHIJIAN-28 (SJ-28)      
1 66549U 25277A   26270.99853988 -.00000361  00000+0  00000+0 0  9998
2 66549   4.2815 270.5521 0001337  67.9871 144.6156  1.00270081  3184
TJS-22                  
1 66990U 25290A   26271.05981347 -.00000004  00000+0  00000+0 0  9996
2 66990   1.2880 288.5728 0004707 324.7054 201.6204  1.00273621  3059
TJS-23                  
1 67226U 25306A   26270.31980827  .00000014  00000+0  00000+0 0  9997
2 67226   5.3626 297.0134 0004184 266.3722  93.3662  1.00269705  2919
FENGYUN 4C              
1 67246U 25312A   26271.00174657 -.00000317  00000+0  00000+0 0  9996
2 67246   0.0194   6.7088 0000955 277.9764 215.7899  1.00273771  2901
SHIJIAN-29A (SJ-29A)    
1 67302U 25315A   26271.05530902 -.00000062  00000+0  00000+0 0  9993
2 67302   3.6515  92.6174 0006192  78.3597 289.1884  1.00269220  2651
SHIJIAN-29B (SJ-29B)    
1 67403U 25315C   26270.91866887 -.00000062  00000+0  00000+0 0  9993
2 67403   3.6502  92.6161 0007100  94.6016 223.6568  1.00269084  2719
ELEKTRO-L 5             
1 67756U 26028A   26270.77050681  .00000000  00000+0  00000+0 0  9998
2 67756   0.0199  69.3378 0001600 103.8902 186.7741  1.00269780  2276
JAM-E JAM 1             
1 67757U 26028B   26271.19588072  .00000161  00000+0  00000+0 0  9994
2 67757   0.1573  12.0145 0000306 292.6619 166.7085  1.00273179  2158
ECHOSTAR 25             
1 68126U 26045A   26271.02488667  .00000000  00000+0  00000+0 0  9997
2 68126   0.0207 182.9707 0001706  14.7526  68.0575  1.00270736  2028
TJS-24                  
1 69235U 26116A   26271.17014795 -.00000226  00000+0  00000+0 0  9992
2 69235   0.2670  87.8064 0001871 175.3614 255.3823  1.00270812  1267
