HST                     
1 20580U 90037B   26276.71991929  .00004347  00000+0  13013-3 0  9992
2 20580  28.4729  58.1679 0001270 285.6016  74.4440 15.31815463805220
POLAR                   
1 23802U 96013A   26276.64170018  .00000095  00000+0  00000+0 0  9996
2 23802  80.0045 225.7448 6582370 205.3639  97.4441  1.29845611146260
SWAS                    
1 25560U 98071A   26277.45774367  .00001399  00000+0  91902-4 0  9996
2 25560  69.8938 305.6053 0002491  76.1405 284.0037 15.10184555513765
CXO                     
1 25867U 99040B   26277.80123358  .00000859  00000+0  00000+0 0  9994
2 25867  57.7189 113.7402 7670570 309.2627   0.3215  0.37806761 17744
XMM-NEWTON              
1 25989U 99066A   26269.07810877  .00000180  00000+0  00000+0 0  9993
2 25989  63.9616 281.6787 4648581  63.1030   0.1095  0.50121727 23515
TERRA                   
1 25994U 99068A   26277.52701666  .00000172  00000+0  43851-4 0  9992
2 25994  97.9336 322.6744 0001220 212.8870 254.8096 14.61169487425573
TIMED                   
1 26998U 01055B   26277.39047183  .00000726  00000+0  69115-4 0  9994
2 26998  74.0697  15.1015 0001275 226.3046 133.8033 14.95488620347147
CORIOLIS                
1 27640U 03001A   26277.48731985  .00000070  00000+0  53434-4 0  9991
2 27640  98.7171 282.7265 0012899 257.5491 102.4242 14.19969960229730
SORCE                   
1 27651U 03004A   26277.50514550  .00001668  00000+0  12861-3 0  9998
2 27651  39.9924 357.7312 0016230 118.3022 241.9411 15.04187300288364
MOST                    
1 27843U 03031D   26277.25508899  .00000027  00000+0  32437-4 0  9992
2 27843  98.7083 283.4784 0008893 301.1594  58.8710 14.21340592206208
SCISAT 1                
1 27858U 03036A   26277.48444525  .00000247  00000+0  36162-4 0  9996
2 27858  73.9297 314.1636 0007724 341.6306  18.4590 14.81551977247633
SWIFT                   
1 28485U 04047A   26276.72936031  .00194655  00000+0  68711-3 0  9991
2 28485  20.5508  59.0111 0004894  65.2238 294.8721 15.87201512204008
HINODE (SOLAR-B)        
1 29479U 06041A   26277.53245234  .00000293  00000+0  58664-4 0  9990
2 29479  98.0540 292.0779 0016250 303.6124  56.3530 14.68736015 70929
SHIJIAN-6 02A (SJ-6 02A)
1 29505U 06046A   26277.55256241  .00004267  00000+0  21353-3 0  9996
2 29505  97.6258 319.4592 0004555 111.5927 248.5792 15.17956155 88859
SHIJIAN-6 02B (SJ-6 02B)
1 29506U 06046B   26277.50854468  .00001044  00000+0  85201-4 0  9990
2 29506  97.6960 305.7812 0015254  66.7462 293.5366 15.01507631 87148
FGRST (GLAST)           
1 33053U 08029A   26277.03590796  .00002182  00000+0  73013-4 0  9996
2 33053  25.5810 168.4044 0008060 169.6410 190.4296 15.24431302 12318
SDO                     
1 36395U 10005A   26277.11916721 -.00000067  00000+0  00000+0 0  9996
2 36395  34.8784  84.6865 0001795  82.2635 147.2172  1.00273214 61154
CRYOSAT 2               
1 36508U 10013A   26277.52663201  .00000057  00000+0  13350-4 0  9993
2 36508  92.0247 303.8355 0002144  90.5485 269.5968 14.51905165873940
X-SAT                   
1 37389U 11015C   26277.53434946  .00000160  00000+0  85664-4 0  9999
2 37389  98.3670 249.4233 0014701  26.5029 333.6901 14.25232699803255
GCOM-W1 (SHIZUKU)       
1 38337U 12025A   26277.43505410  .00000243  00000+0  63909-4 0  9999
2 38337  98.2101 216.3641 0001644  77.2803  46.9337 14.57112030764948
NUSTAR                  
1 38358U 12031A   26277.50002315  .00016989  00000+0  96852-3 0  9999
2 38358   6.0272 293.5992 0008589 290.8625 274.7250 15.09675569  1301
NEOSSAT                 
1 39089U 13009D   26277.47665726  .00000098  00000+0  48733-4 0  9994
2 39089  98.4227  94.9587 0009858 282.2611  77.7471 14.35858660712422
BRITE-AUSTRIA           
1 39091U 13009F   26277.42076748  .00000088  00000+0  44553-4 0  9997
2 39091  98.4049  94.2036 0009012 274.8655  85.1503 14.36576551712736
IRIS                    
1 39197U 13033A   26277.51994461  .00000582  00000+0  72556-4 0  9995
2 39197  97.9254 116.4439 0023610 323.9682  35.9940 14.86062741716610
HISAKI (SPRINT-A)       
1 39253U 13049A   26276.98122360  .00000105  00000+0  52779-4 0  9992
2 39253  29.7214  26.8859 0136444 178.9296 181.1585 13.55552328646195
CASSIOPE                
1 39265U 13055A   26277.51824000  .00035940 -60727-6  35104-3 0  9999
2 39265  80.9105 293.1765 0264912  51.9539 310.5282 15.32822211684375
STSAT-3                 
1 39422U 13066G   26277.49469860  .00000776  00000+0  61721-4 0  9996
2 39422  97.6365 245.7242 0011123  34.7888 325.4063 15.03250610700621
SWARM B                 
1 39451U 13067A   26277.50743181  .00001855  00000+0  64388-4 0  9993
2 39451  87.7404 309.1110 0002909  79.9916 280.1662 15.29117442699948
SWARM A                 
1 39452U 13067B   26277.53519042  .00008571  00000+0  14652-3 0  9994
2 39452  87.3368  15.6240 0002957 101.4627 258.6966 15.51092251723197
SWARM C                 
1 39453U 13067C   26277.53509466  .00008621  00000+0  14739-3 0  9996
2 39453  87.3370  14.2077 0002964 101.0810 259.0784 15.51090643723154
BRITE-CA1 (TORONTO)     
1 40020U 14033L   26277.28626138  .00000441  00000+0  74097-4 0  9996
2 40020  97.9886  44.3008 0077084 287.9430  71.3385 14.72832038658276
OCO 2                   
1 40059U 14035A   26277.47705064  .00000215  00000+0  57772-4 0  9997
2 40059  98.2100 217.1381 0001399  69.6961 290.4388 14.57100732651963
BRITE-PL2 (HEWELIUSZ)   
1 40119U 14049B   26277.28738591  .00000795  00000+0  78249-4 0  9994
2 40119  97.9188  30.2048 0015234 105.9062 254.3838 14.94905758657748
MMS 1                   
1 40482U 15011A   26277.50002315 -.00001600  00000+0  00000+0 0  9992
2 40482  73.0095 347.5199 8240693 169.8012 289.2249  0.28299151  1353
MMS 2                   
1 40483U 15011B   26277.50002315 -.00001600  00000+0  00000+0 0  9993
2 40483  73.0141 347.5187 8243539 169.8021 289.2000  0.28299116  1362
MMS 3                   
1 40484U 15011C   26277.50002315 -.00001601  00000+0  00000+0 0  9995
2 40484  73.0134 347.5308 8241908 169.8110 289.1742  0.28299177  1344
MMS 4                   
1 40485U 15011D   26277.50002315 -.00001600  00000+0  00000+0 0  9995
2 40485  73.0064 347.5149 8242032 169.8208 289.1677  0.28299130  1365
ASTROSAT                
1 40930U 15052A   26276.73206043  .00001267  00000+0  72206-4 0  9993
2 40930   5.9965  93.9219 0007690 150.5332 209.5230 14.82666798595968
DAMPE                   
1 41173U 15078A   26277.52052911  .00000958  00000+0  34520-4 0  9995
2 41173  97.4606 283.5688 0013434  52.8311 307.4154 15.31012805601271
PISAT                   
1 41784U 16059B   26277.53090022  .00000492  00000+0  91194-4 0  9992
2 41784  97.8261 273.3399 0028060 213.8736 146.0679 14.69147467535792
HXMT (HUIYAN)           
1 42758U 17034A   26277.36405120  .00002326  00000+0  11858-3 0  9994
2 42758  43.0145 294.7391 0030226 119.4131 240.9740 15.19263497514264
FLYING LAPTOP           
1 42831U 17042G   26277.54982757  .00001096  00000+0  88574-4 0  9994
2 42831  97.5032  69.2133 0018852 107.4924 252.8363 15.01654774502861
ZHANGHENG 1-01 (CSES-1) 
1 43194U 18015C   26277.49219936  .00004657  00000+0  21417-3 0  9992
2 43194  97.6972  85.3968 0013005 255.0879 104.8916 15.20797709481253
SALSAT                  
1 46495U 20068K   26277.52647161  .00005504  00000+0  18576-3 0  9993
2 46495  97.8887 287.3876 0007587 280.4412  79.5973 15.31131140332082
IXPE                    
1 49954U 21121A   26277.50002315  .00007124  00000+0  35897-3 0  9996
2 49954   0.2299 210.2847 0007372 292.6606  12.3095 15.11099943  5466
SMILE                   
1 69123U 26109A   26274.95747924  .00000682  00000+0  00000+0 0  9991
2 69123  69.9875 206.2448 8137182 285.3603   5.9010  0.47521504   452
