ISS (ZARYA)             
1 25544U 98067A   26281.85354122  .00006592  00000+0  12863-3 0  9993
2 25544  51.6315  97.5838 0006777 239.2205 120.8116 15.48782232589376
POISK                   
1 36086U 09060A   26281.85354122  .00006592  00000+0  12863-3 0  9991
2 36086  51.6315  97.5838 0006777 239.2205 120.8116 15.48782232586275
CSS (TIANHE)            
1 48274U 21035A   26281.52469673  .00017894  00000+0  21499-3 0  9993
2 48274  41.4704 353.6788 0001144 353.7533   6.3291 15.60447773310869
ISS (NAUKA)             
1 49044U 21066A   26281.85354122  .00006592  00000+0  12863-3 0  9999
2 49044  51.6315  97.5838 0006777 239.2205 120.8116 15.48782232586318
FREGAT DEB              
1 49271U 11037PF  26281.62463150  .00012498  00000+0  17303-1 0  9999
2 49271  51.6488  19.9416 0943292 176.7795 183.9740 12.45075685239164
CSS (WENTIAN)           
1 53239U 22085A   26281.52469673  .00017894  00000+0  21499-3 0  9996
2 53239  41.4704 353.6788 0001144 353.7533   6.3291 15.60447773288231
CSS (MENGTIAN)          
1 54216U 22143A   26281.52469673  .00017894  00000+0  21499-3 0  9997
2 54216  41.4704 353.6788 0001144 353.7533   6.3291 15.60447773308476
HRC MONOBLOCK CAMERA    
1 66052U 98067XS  26281.58953109  .00857536  44991-3  70745-3 0  9998
2 66052  51.6109  45.8051 0009493 317.2188  42.8088 16.13288891 56009
SZ-21 MODULE            
1 66515U 25246C   26281.47705662  .00079693  00000+0  27277-3 0  9999
2 66515  41.4699 316.0081 0009942 121.4411 238.7411 15.88612201 51685
DUPLEX                  
1 66906U 98067XT  26281.95532856  .00062753  00000+0  47080-3 0  9993
2 66906  51.6230  71.1753 0004362 262.9907  97.0595 15.71991748 48492
KNACKSAT-2              
1 67683U 98067YA  26281.85166128  .00082649  00000+0  61793-3 0  9993
2 67683  51.6228  78.0158 0008927 271.3401  88.6575 15.71922989 38080
GXIBA-1                 
1 67685U 98067YC  26280.62521551  .00098412  00000+0  59234-3 0  9996
2 67685  51.6186  81.0266 0009866 268.0974  91.8896 15.76854679 37930
UITMSAT-2               
1 67686U 98067YD  26281.77340851  .00451419  95449-4  99946-3 0  9996
2 67686  51.6153  66.8213 0010378 290.7246  69.2649 15.97302607 38222
LEOPARD                 
1 67687U 98067YE  26281.82533087  .00288318  00000+0  12728-2 0  9990
2 67687  51.6186  74.8184 0010117 277.8382  82.1472 15.83065692 38046
HMU-SAT2                
1 67688U 98067YF  26281.81136246  .00200744  00000+0  80839-3 0  9992
2 67688  51.6209  70.9282 0008598 272.4059  87.5960 15.85246623 38094
CYGNUS NG-24            
1 68689U 26079A   26281.85354122  .00006592  00000+0  12863-3 0  9994
2 68689  51.6315  97.5838 0006777 239.2205 120.8116 15.48782232589294
PROGRESS-MS 34          
1 68837U 26093A   26281.85354122  .00006592  00000+0  12863-3 0  9995
2 68837  51.6315  97.5838 0006777 239.2205 120.8116 15.48782232587242
TIANZHOU-10             
1 69049U 26102A   26281.52469673  .00017894  00000+0  21499-3 0  9996
2 69049  41.4704 353.6788 0001144 353.7533   6.3291 15.60447773311100
SHENZHOU-23 (SZ-23)     
1 69180U 26113A   26281.52469673  .00017894  00000+0  21499-3 0  9994
2 69180  41.4704 353.6788 0001144 353.7533   6.3291 15.60447773308292
