ATLAS CENTAUR 2         
1 00694U 63047A   26271.03389165  .00002220  00000+0  26100-3 0  9999
2 00694  30.3513 144.1518 0544752  64.6680 300.9324 14.12743636160259
THOR AGENA D R/B        
1 00733U 64002A   26271.06822109  .00000098  00000+0  52193-4 0  9991
2 00733  99.1123 295.3380 0033280  30.8246 329.4882 14.34097906267306
SL-3 R/B                
1 00877U 64053B   26270.97555964  .00000057  00000+0  35340-4 0  9997
2 00877  65.0752  98.1184 0075946 228.3692 131.0888 14.61467279296354
SL-8 R/B                
1 02802U 67045B   26271.19135390  .00000143  00000+0  47420-4 0  9991
2 02802  74.0125 329.8674 0065429 288.1825  71.2216 14.45723591118282
SL-8 R/B                
1 03230U 68040B   26271.21608491  .00001399  00000+0  10314-3 0  9998
2 03230  74.0283 259.5029 0023516  20.9659 339.2488 15.04249205120455
OAO 2                   
1 03597U 68110A   26271.18662297  .00000135  00000+0  41592-4 0  9992
2 03597  34.9926 214.5522 0005163  15.8594 344.2258 14.47383753 48451
ISIS 1                  
1 03669U 69009A   26271.13022308  .00000107  00000+0  63382-4 0  9998
2 03669  88.4364 133.0915 1707880  40.4529 331.1656 11.30451675371409
SERT 2                  
1 04327U 70009A   26270.83007359 -.00000011  00000+0  41021-4 0  9998
2 04327  99.2883 203.0456 0005264  19.2522  44.2438 13.58746672807341
SL-3 R/B                
1 05118U 71028B   26271.16271484  .00061745  00000+0  30508-3 0  9995
2 05118  81.2280 158.4263 0006196 268.6162  91.4393 15.81819083 20454
ASTEX 1                 
1 05560U 71089A   26271.11053271  .00000318  00000+0  80692-4 0  9999
2 05560  92.7124 217.0532 0017559 116.4396 243.8614 14.50918004891659
SL-8 R/B                
1 05730U 71119B   26271.11740553  .00005822  00000+0  30005-3 0  9995
2 05730  73.8858 156.4017 0537344  81.1809 284.9776 14.40537484684611
OAO 3 (COPERNICUS)      
1 06153U 72065A   26271.23675825  .00000216  00000+0  48468-4 0  9993
2 06153  35.0052 223.2098 0006318  13.0179 132.3425 14.60107801875814
ATLAS CENTAUR R/B       
1 06155U 72065B   26271.09229584  .00000669  00000+0  93389-4 0  9990
2 06155  35.0009 199.1866 0034150 274.0830  85.5968 14.78060818871227
SL-8 R/B                
1 08459U 75112B   26270.98409082  .00000120  00000+0  47896-4 0  9999
2 08459  74.0635   6.7523 0014899  43.5433 316.6894 14.38282805660953
SL-3 R/B                
1 10114U 77057B   26271.20000435  .00007871  00000+0  14327-3 0  9997
2 10114  97.5863  92.9225 0004918 268.4464  91.6223 15.49790596699655
SEASAT 1                
1 10967U 78064A   26271.22917504  .00000158  00000+0  82563-4 0  9997
2 10967 108.0077 190.5720 0002423 294.0976  65.9916 14.46294444535797
SL-14 R/B               
1 11267U 79011B   26270.71558408  .00000358  00000+0  32560-4 0  9995
2 11267  82.5204 264.8498 0017579 101.3935 258.9261 14.92085844558907
SL-8 R/B                
1 11574U 79089B   26270.92103096  .00000039  00000+0  19815-4 0  9997
2 11574  74.0673  76.6718 0016017 200.5025 159.5491 14.42439382465268
SL-14 R/B               
1 11672U 80005B   26271.06312410  .00000308  00000+0  28493-4 0  9995
2 11672  82.5118 115.2584 0014983 203.4811 156.5726 14.91102237506647
SL-8 R/B                
1 12139U 81003B   26270.99093645  .00016420  00000+0  38082-3 0  9996
2 12139  82.9324 102.0001 0238926 190.8221 168.7827 15.17581873345291
SL-3 R/B                
1 12465U 81046B   26271.08895780  .00008963  00000+0  18115-3 0  9994
2 12465  81.2305  45.9001 0017406  34.1772 326.0590 15.46147323469662
SL-3 R/B                
1 12904U 81103B   26271.22777565  .00002465  00000+0  10365-3 0  9992
2 12904  81.1601 335.5076 0011839 326.6602  33.3883 15.22976265  4053
SL-3 R/B                
1 13068U 82013B   26271.16910115  .00002381  00000+0  98517-4 0  9991
2 13068  81.1706 283.1269 0021034 212.2990 147.6957 15.23355406435161
SL-3 R/B                
1 13154U 82039B   26271.22385860  .00001889  00000+0  11059-3 0  9992
2 13154  81.1484 342.0384 0031300  14.0603 346.1486 15.10941733412213
SL-3 R/B                
1 13403U 82079B   26271.18149105  .00002945  00000+0  11079-3 0  9994
2 13403  81.1452 313.5879 0023413 195.9972 164.0526 15.26556876408574
SL-14 R/B               
1 13553U 82092B   26271.22634198  .00000251  00000+0  25264-4 0  9991
2 13553  82.5673 311.8916 0020020 353.7171  75.1033 14.86807938359022
SL-3 R/B                
1 13819U 83010B   26271.06132016  .00009851  00000+0  16441-3 0  9992
2 13819  81.0984 113.0347 0015069  57.0231 303.2463 15.51665978389275
SL-3 R/B                
1 14208U 83075B   26271.16032196  .00006340  00000+0  14890-3 0  9991
2 14208  97.6109 284.0183 0018573 218.4130 141.5795 15.42233368361322
COSMOS 1536             
1 14699U 84013A   26271.07538880  .00004471  00000+0  17221-3 0  9993
2 14699  82.5403 266.2901 0011822 292.9961  67.0030 15.26028110303469
SL-14 R/B               
1 14820U 84027B   26270.82945981  .00000295  00000+0  30782-4 0  9998
2 14820  82.5407  55.4353 0018607  28.4867 331.7362 14.86117135277654
SL-8 R/B                
1 15483U 85006B   26271.18745969  .00000195  00000+0  73314-4 0  9993
2 15483  74.0433 248.5120 0017142 114.8519 256.4418 14.37868980183130
SL-12 R/B(2)            
1 15772U 85042D   26270.73256833  .00000080  00000+0  57391-4 0  9991
2 15772  71.1104  20.8573 0034783 174.8173 290.5359 14.22023044143114
SL-14 R/B               
1 15945U 85069B   26271.22331472  .00000290  00000+0  29869-4 0  9992
2 15945  82.5295 194.4593 0017338 239.0815 120.8698 14.86576773202925
SL-16 R/B               
1 16182U 85097B   26270.87521691  .00000250  00000+0  14898-3 0  9992
2 16182  71.0015  74.8853 0009360 300.1473 164.9950 14.16621240115867
SL-14 R/B               
1 16496U 86006B   26271.14272364  .00000315  00000+0  30716-4 0  9992
2 16496  82.5244  69.2075 0075269 322.2807  37.3146 14.87020079179295
COSMOS 1743             
1 16719U 86034A   26271.20148386  .00062282  00000+0  36534-3 0  9998
2 16719  82.5250 218.3429 0003032 131.5609 228.5917 15.78058922211971
SL-14 R/B               
1 16792U 86046B   26271.19810747  .00000283  00000+0  29700-4 0  9998
2 16792  82.4792 248.8329 0021493 279.3982  80.4804 14.85730393156474
SL-14 R/B               
1 16882U 86055B   26271.18807637  .00000242  00000+0  24912-4 0  9996
2 16882  82.5179 296.2987 0019476  26.5144  40.9198 14.85781782149434
AJISAI (EGS)            
1 16908U 86061A   26271.27285763 -.00000083  00000+0  10033-3 0  9994
2 16908  50.0082 190.4092 0011390  82.4117  91.8700 12.44517400493226
SL-14 R/B               
1 17567U 87024B   26269.94609944  .00000315  00000+0  33030-4 0  9998
2 17567  82.5244 263.6024 0017074 318.0373  41.9534 14.86271644118021
COSMOS 1833             
1 17589U 87027A   26271.24823966 -.00000271  00000+0 -11903-3 0  9990
2 17589  70.9140 260.2456 0026503 259.6752 100.1381 14.13042465 38937
SL-16 R/B               
1 17590U 87027B   26271.19799724 -.00000167  00000+0 -58951-4 0  9999
2 17590  71.0028 209.7509 0005251 199.1083 160.9845 14.17186625 44033
SL-14 R/B               
1 17912U 87038B   26271.05523424  .00000234  00000+0  24303-4 0  9993
2 17912  82.4980 106.1775 0018346 211.9383 148.0723 14.85501514109277
COSMOS 1844             
1 17973U 87041A   26271.20724783  .00000201  00000+0  12937-3 0  9995
2 17973  70.8996 327.0039 0028694  77.6612 282.7719 14.14579872 32223
SL-14 R/B               
1 18153U 87055B   26271.19852801  .00000258  00000+0  26721-4 0  9991
2 18153  82.5012 158.1313 0022023  65.5439 294.8072 14.85765672100005
COSMOS 1867             
1 18187U 87060A   26270.89831206 -.00000053  00000+0  17742-4 0  9993
2 18187  65.0089 100.4075 0018761 280.4253  79.4717 14.31524931 48885
SL-14 R/B               
1 18749U 88001B   26271.20747860  .00000286  00000+0  30181-4 0  9990
2 18749  82.5167   4.8342 0016549 290.2327  69.7110 14.85666319 72092
COSMOS 1933             
1 18958U 88020A   26270.86759538  .00003319  00000+0  15595-3 0  9990
2 18958  82.5127  50.6845 0003417 195.9227 164.1901 15.19273318 80916
SL-3 R/B                
1 19046U 88032B   26271.18834842  .00002848  00000+0  12877-3 0  9996
2 19046  97.5376 254.2418 0023364 245.5554 114.3244 15.21546970 82888
SL-16 R/B               
1 19120U 88039B   26271.20656718  .00000121  00000+0  80020-4 0  9991
2 19120  71.0175   0.3205 0020873  23.5503 336.6573 14.19638892987125
COSMOS 1953             
1 19210U 88050A   26271.18131920  .00004468  00000+0  14682-3 0  9992
2 19210  82.5065 314.0805 0011972 123.8756 236.3626 15.31212290 68743
SL-8 R/B                
1 19257U 88053B   26271.26667543  .00000192  00000+0  70757-4 0  9996
2 19257  74.0451  99.0423 0020885 231.1022 301.9366 14.39000323  5624
COSMOS 1975             
1 19573U 88093A   26271.10213848  .00004655  00000+0  15671-3 0  9990
2 19573  82.5149 274.0922 0011529 164.9441 195.2145 15.30447682 50348
SL-14 R/B               
1 19574U 88093B   26271.26399854  .00000304  00000+0  32030-4 0  9996
2 19574  82.5323 211.8654 0022229  87.7781  69.7436 14.85796764 31098
SL-16 R/B               
1 19650U 88102B   26270.84852237 -.00000241  00000+0 -97538-4 0  9990
2 19650  70.9977  86.1256 0012251  57.3118 302.9185 14.16174847955512
INTERCOSMOS 24          
1 20261U 89080A   26271.18618496  .00000605  00000+0  17320-3 0  9993
2 20261  82.6088 332.6042 1187291 182.7475 176.6690 12.59744408692295
SL-14 R/B               
1 20262U 89080C   26270.89127469  .00000177  00000+0  43544-4 0  9998
2 20262  82.5942  43.3114 1230411  82.5488 291.3385 12.50609623685427
DELTA 1 R/B             
1 20323U 89089B   26271.05531579  .00000261  00000+0  73087-4 0  9994
2 20323  97.0664  86.1794 0068384 201.6775 158.1525 14.50781466925078
ARIANE 40 R/B           
1 20443U 90005H   26271.16380132  .00000137  00000+0  57012-4 0  9998
2 20443  98.2847 325.5211 0009196 320.6162  39.4357 14.39967305921940
DELTA 2 R/B(1)          
1 20453U 90008B   26271.24450938  .00505380  11562-3  75577-3 0  9997
2 20453  35.5901 253.6427 0014611  31.1623 328.9992 16.03483560958029
COSMOS 2058             
1 20465U 90010A   26271.22528592  .00002703  00000+0  15345-3 0  9992
2 20465  82.4704 207.6981 0009520   6.6726 353.4630 15.12511238972843
SL-14 R/B               
1 20466U 90010B   26270.88185992  .00000253  00000+0  27674-4 0  9994
2 20466  82.4992  77.4842 0019650 357.9296   2.1834 14.83697891958464
SL-14 R/B               
1 20511U 90018B   26271.09438390  .00000295  00000+0  33898-4 0  9991
2 20511  82.5230  33.8924 0016963 142.1919 218.0491 14.82270449952565
HST                     
1 20580U 90037B   26270.92146237  .00004611  00000+0  13862-3 0  9999
2 20580  28.4721  97.8607 0001365 203.0060 157.0476 15.31774285804335
SL-16 R/B               
1 20625U 90046B   26271.22772479  .00000176  00000+0  11554-3 0  9994
2 20625  70.9973 232.5341 0014467 347.9582  12.1192 14.15032513877049
COSMOS 2084             
1 20663U 90055A   26271.22520682  .00001485  00000+0  11363-3 0  9995
2 20663  62.7906   4.3051 0019307 351.7623   8.3158 15.06471316966829
SL-6 R/B(2)             
1 20666U 90055D   26271.22632589  .00001217  00000+0  98759-4 0  9996
2 20666  62.7805 284.6485 0056659  18.1693 342.1413 15.04310252968651
SL-8 R/B                
1 20775U 90078B   26270.87267696  .00008945  00000+0  24256-3 0  9990
2 20775  82.8988  68.5985 0340094  50.2080 312.8562 14.95256231839456
SL-8 R/B                
1 21088U 91006B   26271.27813396  .00000079  00000+0  63529-4 0  9996
2 21088  82.9461  19.3194 0022414 184.1890 235.4802 13.77524315791966
OKEAN-3                 
1 21397U 91039A   26271.15754489  .00001141  00000+0  76807-4 0  9993
2 21397  82.5159 140.5154 0014217   7.6903 352.4540 15.05709803895490
COSMOS 2151             
1 21422U 91042A   26271.15247761  .00001400  00000+0  10831-3 0  9998
2 21422  82.4937 248.2923 0014024  94.0694 266.2134 15.00666004893551
SL-14 R/B               
1 21423U 91042B   26270.85274425  .00000254  00000+0  29049-4 0  9990
2 21423  82.4950  30.5919 0015642 299.2536  60.7113 14.81951870883015
ERS-1                   
1 21574U 91050A   26271.10350758  .00000180  00000+0  72139-4 0  9995
2 21574  98.7764 294.3038 0031177 323.2883  36.6168 14.39570701844855
ARIANE 40 R/B           
1 21610U 91050F   26271.09035261  .00000180  00000+0  66208-4 0  9993
2 21610  98.1770 315.4479 0003438 158.5707 201.5629 14.43005951848184
INTERCOSMOS 25          
1 21819U 91086A   26271.19850341  .00001474  00000+0  28274-3 0  9995
2 21819  82.6078 187.5076 1485408  40.2081 329.9844 12.12373752521227
SL-8 R/B                
1 21876U 92008B   26271.10350722 -.00000016  00000+0 -31667-4 0  9996
2 21876  82.9240 117.2752 0033544 290.1541 188.5303 13.75992676737254
SL-8 R/B                
1 21938U 92020B   26271.26918787  .00000065  00000+0  51174-4 0  9994
2 21938  82.9350   3.2805 0030438  92.4939 321.1908 13.75561249728985
USA 81                  
1 21949U 92023A   26271.24214062  .00000127  00000+0  39719-4 0  9992
2 21949  85.0120  14.5150 0002708  96.9569 263.1932 14.32420269123780
COSMOS 2219             
1 22219U 92076A   26271.18390610 -.00000162  00000+0 -60286-4 0  9992
2 22219  71.0600 314.7572 0020377 252.8411 107.0480 14.14107389747009
SL-16 R/B               
1 22220U 92076B   26271.05163569 -.00000194  00000+0 -72880-4 0  9999
2 22220  70.9984 122.0945 0011623 155.9708 357.4303 14.16883293750493
COSMOS 2221             
1 22236U 92080A   26270.76491837  .00001221  00000+0  10440-3 0  9993
2 22236  82.5003  85.4611 0013024 229.2398 130.7695 14.96768755811015
SL-16 R/B               
1 22285U 92093B   26271.20743507 -.00000074  00000+0 -13760-4 0  9991
2 22285  71.0203 299.1178 0004936 330.4384  29.6460 14.15469690741811
COSMOS 2228             
1 22286U 92094A   26271.04103542  .00001381  00000+0  11486-3 0  9996
2 22286  82.5184  43.4787 0017196 344.8262  15.2443 14.97859208806349
SL-16 R/B               
1 22566U 93016B   26271.12779914  .00000294  00000+0  17553-3 0  9996
2 22566  71.0075 149.9994 0009988   2.9994 357.1187 14.15321117730812
COSMOS 2242             
1 22626U 93024A   26270.91434028  .00001152  00000+0  97226-4 0  9992
2 22626  82.5159  73.2265 0015791 349.8264  10.2637 14.97154966810644
SL-16 R/B               
1 22803U 93059B   26271.18390769 -.00000004  00000+0  21792-4 0  9991
2 22803  70.9901 304.0968 0019508 262.8928  96.9977 14.17259320708223
ARIANE 40 R/B           
1 22830U 93061H   26271.20081288  .00000102  00000+0  52826-4 0  9990
2 22830  98.4715 335.8651 0011500  49.3219 310.8963 14.32940677723103
COSMOS 2278             
1 23087U 94023A   26271.00676880 -.00000015  00000+0  16849-4 0  9999
2 23087  71.0524 111.8006 0006624  73.8307 286.3544 14.14412683673411
SL-16 R/B               
1 23088U 94023B   26271.24544242  .00000026  00000+0  38154-4 0  9996
2 23088  71.0021   5.4956 0004274 318.9067  41.1733 14.15028816674747
SL-16 R/B               
1 23343U 94074B   26271.08054020  .00000241  00000+0  38787-4 0  9999
2 23343  97.6946 293.4939 0005126 285.4404 137.9574 14.79572976717174
SL-16 R/B               
1 23405U 94077B   26271.21882367  .00000210  00000+0  13163-3 0  9995
2 23405  70.9814 286.3969 0004387 242.4590 117.6087 14.15584286644891
ARIANE 40+ R/B          
1 23561U 95021B   26271.17856190  .00000164  00000+0  65887-4 0  9997
2 23561  98.4315 339.7170 0005618 251.0187 163.7268 14.39877639648382
SL-16 R/B               
1 23705U 95058B   26271.02353047  .00000095  00000+0  73100-4 0  9994
2 23705  71.0198 115.4508 0012368 181.2703 178.8391 14.15519812596487
SL-16 R/B               
1 24298U 96051B   26271.00175259  .00000125  00000+0  94348-4 0  9992
2 24298  70.7676 107.0860 0018335 205.4250 154.5970 14.12485147550211
ORBVIEW 2 (SEASTAR)     
1 24883U 97037A   26271.10348445  .00000111  00000+0  54878-4 0  9996
2 24883  98.8789  81.0451 0002332 159.1463 200.9817 14.35595359537511
SL-16 R/B               
1 25400U 98043G   26271.15039814  .00000015  00000+0  25472-4 0  9993
2 25400  98.8491 226.2502 0010423 142.4841 217.7068 14.26082512467846
SL-16 R/B               
1 25407U 98045B   26271.00576370 -.00000235  00000+0 -94522-4 0  9997
2 25407  71.0095 116.1009 0005242  69.8676 290.3011 14.16213823455747
ISS (ZARYA)             
1 25544U 98067A   26271.14212772  .00006053  00000+0  11922-3 0  9995
2 25544  51.6312 150.5592 0007113 196.8918 163.1834 15.48675883587710
CZ-4B R/B               
1 25732U 99025C   26271.13792122  .00000016  00000+0  28308-4 0  9990
2 25732  98.6388 310.3387 0038067 121.5581 304.5273 14.18296793416864
OKEAN-O                 
1 25860U 99039A   26271.14442152  .00000366  00000+0  54462-4 0  9991
2 25860  97.9201 328.7027 0001768  77.7763 282.3647 14.80563082464349
SL-16 R/B               
1 25861U 99039B   26271.20597903  .00000294  00000+0  43878-4 0  9993
2 25861  97.9723 329.7154 0013892 324.4191  35.6094 14.81927866466857
DELTA 2 R/B             
1 25876U 99041E   26271.22087490  .00000337  00000+0  92107-4 0  9996
2 25876  51.7635 212.0407 0500055 226.2422 129.6088 14.12258552391640
HELIOS 1B               
1 25977U 99064A   26271.18991393  .00000888  00000+0  10255-3 0  9998
2 25977  98.1510 179.2636 0002336 101.1728 258.9750 14.88224416715373
TERRA                   
1 25994U 99068A   26271.28803451  .00000217  00000+0  53140-4 0  9996
2 25994  97.9346 316.6921 0000904 252.1022 176.8957 14.61166817424660
SL-16 R/B               
1 26070U 00006B   26270.79087610  .00000014  00000+0  31419-4 0  9992
2 26070  71.0045  32.8787 0018429 238.3878 121.5447 14.15848332377169
TITAN 4B R/B            
1 26474U 00047B   26271.23044002  .00001767  00000+0  11288-3 0  9990
2 26474  67.9890 190.4173 0040501 180.3564 179.7565 15.10657897423497
ENVISAT                 
1 27386U 02009A   26271.31299933  .00000045  00000+0  28517-4 0  9999
2 27386  98.3944 220.3797 0001281  90.3093  81.5141 14.39084473288316
IDEFIX & ARIANE 42P R/B 
1 27422U 02021B   26271.11606043  .00000141  00000+0  70157-4 0  9990
2 27422  98.5995 207.5032 0011105 316.7785  43.2526 14.31120985272971
AQUA                    
1 27424U 02022A   26271.18000179  .00000510  00000+0  11114-3 0  9995
2 27424  98.4415 242.5890 0001279  63.1099 354.0652 14.62216022298324
CZ-4B R/B               
1 27432U 02024C   26271.15602968  .00000018  00000+0  31928-4 0  9996
2 27432  98.8586 323.2528 0050422 166.6013 255.6160 14.14576697257868
MIDORI II (ADEOS-II)    
1 27597U 02056A   26271.17873120  .00000151  00000+0  77041-4 0  9999
2 27597  98.8011 231.3747 0001979 103.6727 256.4675 14.29393722239223
H-2A R/B                
1 27601U 02056E   26270.93745241  .00000166  00000+0  72935-4 0  9993
2 27601  98.3436 223.9215 0068906 279.4795 120.8135 14.33867672243092
CZ-4B R/B               
1 28059U 03049C   26271.03118203  .00000217  00000+0  61474-4 0  9991
2 28059  98.6960 274.0068 0047597 335.5526  24.3412 14.55158574216024
SL-16 R/B               
1 28353U 04021B   26271.11753828  .00000245  00000+0  15241-3 0  9997
2 28353  71.0003 167.6743 0003033  94.4687 265.6782 14.14618542151464
CZ-4B R/B               
1 28415U 04035C   26271.05432172  .00004935  00000+0  16071-3 0  9992
2 28415  97.3286 303.0201 0028897 331.4609  28.5049 15.31910441210860
CZ-2C R/B               
1 28480U 04046B   26271.19103934  .00000083  00000+0  46436-4 0  9991
2 28480  98.1828 173.4724 0138057 276.0356  82.5109 14.27054982137380
ARIANE 5 R/B            
1 28499U 04049H   26271.05304751  .00000390  00000+0  49320-4 0  9995
2 28499  98.2793  87.3482 0084756  55.7438 305.1767 14.85571659175830
CZ-2D R/B               
1 28738U 05024B   26271.01756081  .00077962  00000+0  35335-3 0  9997
2 28738  97.3388 296.5491 0001701  66.3099 293.8349 15.83715919171530
ALOS (DAICHI)           
1 28931U 06002A   26270.86311335  .00000954  00000+0  16648-3 0  9993
2 28931  98.1443 226.1792 0001840  60.9171 299.2219 14.70240843103180
H-2A R/B                
1 28932U 06002B   26271.16594623  .00004459  00000+0  20892-3 0  9991
2 28932  98.2678  76.4990 0048205 271.1911  88.3799 15.19292387125157
RESURS-DK 1             
1 29228U 06021A   26270.88021201  .00001267  00000+0  76583-4 0  9999
2 29228  69.9312  73.6474 0004383 203.6973 156.3992 15.13550861118116
CZ-4B R/B               
1 29507U 06046C   26271.14130046  .00002687  00000+0  13229-3 0  9998
2 29507  97.5344 315.4196 0030474 285.2984  74.4882 15.18470853 90758
CZ-2C R/B               
1 31114U 07010B   26271.19645229  .00000058  00000+0  45398-4 0  9999
2 31114  98.4155  14.5368 0059995  66.0667 294.6779 14.20296477  8452
COSMO-SKYMED 1          
1 31598U 07023A   26271.31728389  .00000893  00000+0  81774-4 0  9997
2 31598  97.8818 104.0718 0001174  72.6418 287.4932 14.97488495 45228
COSMOS 2428             
1 31792U 07029A   26271.07914119 -.00000048  00000+0 -98606-7 0  9999
2 31792  70.9425 138.4743 0011746 311.8530  48.1588 14.12977451992680
SL-16 R/B               
1 31793U 07029B   26270.91456052 -.00000152  00000+0 -53795-4 0  9992
2 31793  70.9730 107.2831 0002004 277.6620 184.2393 14.14859445993971
KORONAS-FOTON           
1 33504U 09003A   26271.19917899  .00009111  00000+0  17462-3 0  9992
2 33504  82.4271  64.6095 0010471 137.4040 222.8024 15.47776652977028
CZ-2C R/B               
1 37731U 11030B   26270.83292544  .00000843  00000+0  11145-3 0  9999
2 37731  97.8775 224.4367 0053339  53.2707   7.5902 14.81642250820029
H-2A R/B                
1 38341U 12025E   26271.23355570  .00002104  00000+0  18981-3 0  9993
2 38341  98.4947 254.9698 0043794  11.6892 348.5333 14.96099152778499
SHIJIAN-16 (SJ-16)      
1 39358U 13057A   26271.32012222  .00001279  00000+0  12615-3 0  9992
2 39358  74.9734 161.3250 0016088 336.1436  23.9004 14.92806143701735
SL-4 R/B                
1 39679U 14021B   26270.78504065  .00013600  00000+0  26175-3 0  9997
2 39679  51.6037  67.3781 0086704 122.7408 238.1973 15.44179949687455
ALOS-2                  
1 39766U 14029A   26271.27925814  .00000484  00000+0  71711-4 0  9999
2 39766  97.9235   6.9662 0001473  95.6188 264.5192 14.79479379666826
YAOGAN-29               
1 41038U 15069A   26271.26658926  .00000391  00000+0  54581-4 0  9998
2 41038  97.9974 300.0362 0002857  66.9480 293.2034 14.83152577585905
ASTRO-H (HITOMI)        
1 41337U 16012A   26270.90734819  .00001918  00000+0  10658-3 0  9997
2 41337  30.9981 130.5736 0009489 208.5077 151.5043 15.10911512582835
HXMT (HUIYAN)           
1 42758U 17034A   26271.31548487  .00002917  00000+0  14586-3 0  9994
2 42758  43.0154 328.4591 0029987  79.5068 280.9157 15.19235772513347
SAOCOM 1A               
1 43641U 18076A   26271.29220045  .00000609  00000+0  83021-4 0  9994
2 43641  97.8884  96.5613 0001492  85.0307 275.1076 14.82154102431377
H-2A R/B                
1 43682U 18084L   26271.23028181  .00015276  00000+0  28248-3 0  9994
2 43682  98.8403 172.8770 0021872  40.2975 319.9887 15.48924227437054
SAOCOM 1B               
1 46265U 20059A   26271.25592442 -.00000226  00000+0 -21896-4 0  9991
2 46265  97.8883  95.6267 0001387  83.4748 276.6623 14.82150214328751
CSS (TIANHE)            
1 48274U 21035A   26271.09135164  .00013776  00000+0  16716-3 0  9990
2 48274  41.4689  57.1199 0001893 319.8423  40.2275 15.60347058309238
COSMOS 2550             
1 48865U 21056A   26271.31287502  .00003364  00000+0  10806-3 0  9994
2 48865  67.1423 147.9522 0008435 269.4371  90.5817 15.33822344294536
CZ-2C R/B               
1 52794U 22058K   26269.53521903  .00057319  00000+0  46170-3 0  9992
2 52794  50.1843 353.2403 0029738 337.9258  22.0436 15.69706554241525
CZ-2C R/B               
1 54039U 22132E   26270.59878079  .00117397  69133-5  45339-3 0  9993
2 54039  97.2859 283.2684 0010410  63.2884 296.9452 15.87231052222101
GSLV R/B                
1 54149U 22138AN  26270.56046054  .00001500  00000+0  12522-3 0  9996
2 54149  87.3725  98.5574 0022925 132.2750 228.0431 14.97616995214133
XRISM                   
1 57800U 23137A   26270.85305100  .00003039  00000+0  16149-3 0  9993
2 57800  31.0022  54.1798 0007562 281.5560  78.4230 15.13199448168421
ACS3                    
1 59588U 24077B   26271.18562714  .00021431  00000+0  14923-1 0  9997
2 59588  97.2308 167.5686 0052317 335.0536  24.8105 13.97940127122411
SPACEMOBILE-003         
1 61045U 24163A   26271.07594890  .00001080  00000+0  63758-4 0  9993
2 61045  52.9726 196.3847 0007434  66.5453 293.6322 15.20391921113425
SPACEMOBILE-005         
1 61046U 24163B   26271.19215323  .00004293  00000+0  20899-3 0  9995
2 61046  52.9730 195.8597 0010197  64.1278 296.0766 15.20409526113437
SPACEMOBILE-001         
1 61047U 24163C   26271.19100309  .00000935  00000+0  57181-4 0  9997
2 61047  52.9677 195.5417 0008413  69.7373 290.4525 15.20409876113430
SPACEMOBILE-002         
1 61048U 24163D   26265.32485327  .00012946  00000+0  59995-3 0  9991
2 61048  52.9755 222.5793 0007318  52.8355 307.3306 15.20406491112548
SPACEMOBILE-004         
1 61049U 24163E   26270.23710253  .00013290  00000+0  61440-3 0  9998
2 61049  52.9776 199.7491 0008734 100.4082 259.7897 15.20457196113298
CZ-8A R/B               
1 66004U 25231K   26271.18605637  .00000032  00000+0  69665-4 0  9993
2 66004  50.0052 321.0923 0116840 226.9303 132.1786 14.30186317 49684
SZ-21 MODULE            
1 66515U 25246C   26271.03647027  .00068309  00000+0  25217-3 0  9994
2 66515  41.4703  22.1410 0010175  32.0794 328.0672 15.87135151 50025
SPACEMOBILE-006         
1 67232U 25309A   26271.16181665  .00001068  00000+0  65715-4 0  9993
2 67232  52.9962 219.8227 0012271  90.4429 269.7970 15.18955292 42246
SPACEMOBILE-008         
1 69589U 26139A   26271.06584872  .00000845  00000+0  64121-4 0  9990
2 69589  52.9949 155.4290 0002329 284.8888  75.1845 15.13012199 15553
SPACEMOBILE-009         
1 69590U 26139B   26270.94086062  .00000994  00000+0  72671-4 0  9990
2 69590  52.9944 156.0606 0002461 277.4644  82.6068 15.12906562 15536
SPACEMOBILE-010         
1 69591U 26139C   26271.08360602  .00001365  00000+0  93811-4 0  9994
2 69591  52.9941 155.5315 0002637 261.9367  98.1324 15.12766592 15567
