DMSP 5D-3 F16 (USA 172) 
1 28054U 03048A   26274.98628744  .00000006  00000+0  26961-4 0  9996
2 28054  98.9845 299.4999 0006719 196.5478 274.5794 14.14492895184589
METEOSAT-9 (MSG-2)      
1 28912U 05049B   26273.97891865  .00000126  00000+0  00000+0 0  9990
2 28912   9.5970  53.0901 0001324   7.9916 346.7670  1.00269504  8057
DMSP 5D-3 F17 (USA 191) 
1 29522U 06050A   26274.94324804  .00000055  00000+0  50765-4 0  9992
2 29522  98.7427 279.3537 0011163 109.1198 251.1186 14.15011866 27529
FENGYUN 3A              
1 32958U 08026A   26274.40625132  .00000042  00000+0  40691-4 0  9996
2 32958  98.6960 213.2806 0008641 174.9799 185.1465 14.19589509950470
EWS-G3 (GOES 14)        
1 35491U 09033A   26274.86930139 -.00000008  00000+0  00000+0 0  9994
2 35491   1.9585  81.5094 0002319 115.7097 197.1373  1.00069940  7652
DMSP 5D-3 F18 (USA 210) 
1 35951U 09057A   26274.92012844  .00000135  00000+0  93207-4 0  9998
2 35951  98.9176 255.5240 0010304 312.8693  47.1614 14.14947247874687
EWS-G2 (GOES 15)        
1 36411U 10008A   26274.92267082  .00000018  00000+0  00000+0 0  9998
2 36411   1.5657  81.7339 0004892  92.7765 231.6337  1.00272240 60707
FENGYUN 3B              
1 37214U 10059A   26274.95878796 -.00000373  00000+0 -16949-3 0  9998
2 37214  98.9505 321.3681 0021066 243.0134 239.2566 14.14858109822524
SUOMI NPP               
1 37849U 11061A   26274.91477300  .00000052  00000+0  45724-4 0  9994
2 37849  98.8033 215.0913 0002415  43.6524 316.4843 14.19536155773580
METEOSAT-10 (MSG-3)     
1 38552U 12035B   26274.18290887 -.00000006  00000+0  00000+0 0  9993
2 38552   4.9180  60.4118 0001072 144.4372 231.0430  1.00273596 51925
METOP-B                 
1 38771U 12049A   26274.90150328  .00000032  00000+0  34538-4 0  9992
2 38771  98.6385 324.2111 0003054  56.7022 303.4448 14.21462152728422
INSAT-3D                
1 39216U 13038B   26274.92123418 -.00000343  00000+0  00000+0 0  9996
2 39216   2.1944  81.0578 0002299 136.1748 254.5875  1.00269274 48159
FENGYUN 3C              
1 39260U 13052A   26274.90153402  .00000047  00000+0  45111-4 0  9992
2 39260  98.5140 243.9472 0015802  77.0875 283.2064 14.15774592673668
METEOR-M 2              
1 40069U 14037A   26274.92632084 -.00000210  00000+0 -76772-4 0  9996
2 40069  98.5270 246.9556 0006974  85.8061 274.3914 14.21485832634486
HIMAWARI-8              
1 40267U 14060A   26274.79906003 -.00000280  00000+0  00000+0 0  9994
2 40267   0.0041 193.4452 0001400  36.1562 209.2391  1.00267706 43824
FENGYUN 2G              
1 40367U 14090A   26274.94208372 -.00000304  00000+0  00000+0 0  9996
2 40367   5.9016  71.4662 0004384 186.1293 191.8866  1.00265899 43071
METEOSAT-11 (MSG-4)     
1 40732U 15034A   26274.82624078  .00000061  00000+0  00000+0 0  9992
2 40732   3.4634  70.3286 0000490  89.0030 158.1574  1.00278386  8281
ELEKTRO-L 2             
1 41105U 15074A   26273.25333978 -.00000113  00000+0  00000+0 0  9992
2 41105   6.9509  69.1854 0002424 192.0357 184.4928  1.00271341 39562
SENTINEL-3A             
1 41335U 16011A   26274.95421571  .00000034  00000+0  32005-4 0  9990
2 41335  98.6258 340.7936 0001256 105.1597 254.9723 14.26737799553280
INSAT-3DR               
1 41752U 16054A   26274.93165340 -.00000081  00000+0  00000+0 0  9995
2 41752   0.0776  87.3667 0012556 177.1367 155.5740  1.00270828 36889
HIMAWARI-9              
1 41836U 16064A   26272.99142235 -.00000271  00000+0  00000+0 0  9992
2 41836   0.0105  72.2386 0002065 171.6417 262.5744  1.00273774 36266
GOES 16                 
1 41866U 16071A   26274.65157524 -.00000094  00000+0  00000+0 0  9998
2 41866   0.5977  84.0361 0002279 146.6627 269.5772  1.00270985 36176
FENGYUN 4A              
1 41882U 16077A   26274.87475472 -.00000361  00000+0  00000+0 0  9998
2 41882   2.5846  78.9046 0008564 167.4171 202.3166  1.00272607 36008
CYGFM05                 
1 41884U 16078A   26274.41563900  .00018212  00000+0  20707-3 0  9998
2 41884  34.9559 274.7226 0004039 101.3071 258.8109 15.61326874545348
CYGFM04                 
1 41885U 16078B   26274.96044403  .00030450  00000+0  26587-3 0  9991
2 41885  34.9303 232.5783 0004627 184.0163 176.0528 15.67881482545735
CYGFM02                 
1 41886U 16078C   26274.95716614  .00039022  00000+0  27470-3 0  9997
2 41886  34.9384 223.1490 0005597 194.8410 165.2156 15.72977458545942
CYGFM01                 
1 41887U 16078D   26274.41599292  .00018682  00000+0  20531-3 0  9990
2 41887  34.9389 274.8191 0003668  96.8638 263.2506 15.62198821545305
CYGFM08                 
1 41888U 16078E   26274.35662813  .00022737  00000+0  21646-3 0  9998
2 41888  34.9420 251.5460 0005178 143.2687 216.8396 15.65788104545596
CYGFM07                 
1 41890U 16078G   26274.94574466  .00028146  00000+0  26580-3 0  9994
2 41890  34.9427 235.8238 0004820 175.9189 184.1578 15.65961899545713
CYGFM03                 
1 41891U 16078H   26274.59910261  .00024820  00000+0  23499-3 0  9994
2 41891  34.9389 240.0667 0003677 162.6726 197.4127 15.65920410545636
FENGYUN 3D              
1 43010U 17072A   26274.91596209  .00000195  00000+0  11415-3 0  9996
2 43010  99.0278 251.3361 0002459  94.4957 265.6499 14.19758452460135
NOAA 20 (JPSS-1)        
1 43013U 17073A   26274.92852113  .00000059  00000+0  48752-4 0  9994
2 43013  98.7844 213.4687 0000871  32.6562 327.4668 14.19528627459610
GOES 17                 
1 43226U 18022A   26274.80665003 -.00000186  00000+0  00000+0 0  9993
2 43226   1.2050  83.8743 0001413 154.9231 332.6469  1.00269760 31495
SENTINEL-3B             
1 43437U 18039A   26274.64681695  .00000039  00000+0  34021-4 0  9993
2 43437  98.6255 340.6397 0001081  68.0920 292.0376 14.26735748439300
FENGYUN 2H              
1 43491U 18050A   26274.91135413 -.00000132  00000+0  00000+0 0  9998
2 43491   3.2978  77.7130 0003081 154.5151 185.8129  1.00270238 30506
METOP-C                 
1 43689U 18087A   26274.91658874  .00000029  00000+0  33356-4 0  9997
2 43689  98.7313 332.6893 0000348  99.2660 260.8557 14.21475661409995
GEO-KOMPSAT-2A          
1 43823U 18100A   26274.86655153 -.00000348  00000+0  00000+0 0  9994
2 43823   0.0466  25.3242 0001237 108.8306 316.6739  1.00269099 28703
METEOR-M2 2             
1 44387U 19038A   26274.94768149  .00000018  00000+0  27871-4 0  9993
2 44387  98.9268 263.8674 0002327  75.1659 284.9777 14.24389360376496
FENGYUN 3E              
1 49008U 21062A   26274.95880091 -.00000432  00000+0 -18275-3 0  9999
2 49008  98.7556 277.2046 0002444 117.5657 242.5768 14.19910830271737
GOES 18                 
1 51850U 22021A   26274.63908150  .00000093  00000+0  00000+0 0  9999
2 51850   0.0382  10.9926 0000741 249.5505 202.9169  1.00271578  7662
NOAA 21 (JPSS-2)        
1 54234U 22150A   26274.88909992  .00000018  00000+0  29163-4 0  9996
2 54234  98.7126 211.9060 0000722 231.3318 128.7794 14.19551426201687
METEOSAT-12 (MTG-I1)    
1 54743U 22170C   26274.89558072 -.00000011  00000+0  00000+0 0  9991
2 54743   0.7512  21.8889 0003123  97.2670 213.5038  1.00274105 14047
TIANMU-1 03             
1 55973U 23039A   26274.92059378  .00010649  00000+0  19143-3 0  9990
2 55973  97.5274  93.3385 0003687  78.9070 281.2596 15.50044063197357
TIANMU-1 04             
1 55974U 23039B   26274.92995475  .00011171  00000+0  19582-3 0  9996
2 55974  97.5196  92.5174 0004630  63.8123 296.3604 15.50741537197378
TIANMU-1 05             
1 55975U 23039C   26274.97157016  .00010950  00000+0  19744-3 0  9997
2 55975  97.5253  92.9667 0003529  87.8879 272.2776 15.49952092197342
TIANMU-1 06             
1 55976U 23039D   26274.94113538  .00011446  00000+0  20155-3 0  9995
2 55976  97.5262  93.6827 0003278  83.8493 276.3132 15.50614629197375
FENGYUN 3G              
1 56232U 23055A   26272.26318046  .00016751  00000+0  25793-3 0  9990
2 56232  49.9916 169.2876 0010954  97.6393 262.5820 15.54217677196188
METEOR-M2 3             
1 57166U 23091A   26274.96711575 -.00000033  00000+0  41975-5 0  9999
2 57166  98.5968 327.6972 0003394 204.5400 155.5618 14.24053366169711
TIANMU-1 07             
1 57399U 23101A   26274.94201062  .00003478  00000+0  11920-3 0  9992
2 57399  97.2480 323.1710 0004147 108.1960 251.9733 15.30844162177978
TIANMU-1 08             
1 57400U 23101B   26274.97396488  .00003529  00000+0  12088-3 0  9998
2 57400  97.2468 322.9571 0005518 100.0052 260.1813 15.30841815177978
TIANMU-1 09             
1 57401U 23101C   26274.95644466  .00003570  00000+0  12232-3 0  9996
2 57401  97.2427 322.2985 0004956 111.5584 248.6186 15.30828826177979
TIANMU-1 10             
1 57402U 23101D   26274.92342519  .00003622  00000+0  12383-3 0  9993
2 57402  97.2506 323.4312 0006179 110.3054 249.8852 15.30882979177964
FENGYUN 3F              
1 57490U 23111A   26274.93997167 -.00000004  00000+0  18481-4 0  9995
2 57490  98.6737 342.9039 0001437 106.6513 253.4821 14.19952985164014
TIANMU-1 11             
1 58645U 23205A   26274.96568096  .00003146  00000+0  11815-3 0  9992
2 58645  97.3420 294.9009 0008292 358.7819   1.3399 15.27900531153827
TIANMU-1 12             
1 58646U 23205B   26274.95478102  .00003172  00000+0  12031-3 0  9990
2 58646  97.3411 294.5879 0006675 345.5598  14.5449 15.27574878153801
TIANMU-1 13             
1 58647U 23205C   26274.98668080  .00003212  00000+0  12185-3 0  9995
2 58647  97.3436 294.9310 0004860 326.1923  33.9006 15.27565609153800
TIANMU-1 14             
1 58648U 23205D   26274.90404168  .00003191  00000+0  12098-3 0  9992
2 58648  97.3376 293.9480 0005738 331.0158  29.0762 15.27587302153798
TIANMU-1 19             
1 58660U 23208A   26274.92665522  .00005332  00000+0  16974-3 0  9990
2 58660  97.4592  31.9390 0003522 303.3729  56.7176 15.33011691153671
TIANMU-1 20             
1 58661U 23208B   26274.94678810  .00005404  00000+0  16561-3 0  9999
2 58661  97.4538  32.7080 0005606 307.5077  52.5656 15.34207066153787
TIANMU-1 21             
1 58662U 23208C   26274.96017831  .00006444  00000+0  18147-3 0  9999
2 58662  97.4605  35.8931 0005524 298.6447  61.4241 15.36798717153950
TIANMU-1 22             
1 58663U 23208D   26274.94864532  .00004934  00000+0  16040-3 0  9998
2 58663  97.4589  31.7979 0002767 341.8631  18.2512 15.32377076153678
TIANMU-1 15             
1 58700U 24004A   26274.96665523  .00003431  00000+0  12997-3 0  9994
2 58700  97.4666 101.2164 0006313 330.6311  29.4573 15.27578517152078
TIANMU-1 16             
1 58701U 24004B   26274.95171409  .00003326  00000+0  12607-3 0  9990
2 58701  97.4618 100.3751 0005080 347.6756  12.4358 15.27594429152072
TIANMU-1 17             
1 58702U 24004C   26274.93645079  .00003309  00000+0  12512-3 0  9994
2 58702  97.4641 100.8844 0005107 357.1581   2.9628 15.27680354152065
TIANMU-1 18             
1 58703U 24004D   26274.98347394  .00003200  00000+0  12187-3 0  9997
2 58703  97.4659 101.1992 0004610 337.9544  22.1496 15.27466102152077
INSAT-3DS               
1 58990U 24033A   26274.87406310 -.00000160  00000+0  00000+0 0  9999
2 58990   0.0150 132.6650 0001550  75.7928 198.8968  1.00270115 48133
METEOR-M2 4             
1 59051U 24039A   26274.96218897  .00000007  00000+0  22674-4 0  9990
2 59051  98.7158 232.9806 0006280 214.3050 145.7723 14.22438805134443
GOES 19                 
1 60133U 24119A   26274.46200603 -.00000251  00000+0  00000+0 0  9999
2 60133   0.0429  23.2260 0000869 241.3690 196.7598  1.00271019  8030
MTG-S1                  
1 64723U 25143A   26274.89558072 -.00000010  00000+0  00000+0 0  9992
2 64723   0.6146 344.2868 0004223 257.0847  91.4868  1.00274211  4480
METOP-SGA1              
1 65159U 25172A   26274.59886905  .00000002  00000+0  21112-4 0  9996
2 65159  98.7427 332.4648 0000844  99.6064 260.5209 14.21468543 58909
FENGYUN 3H              
1 65815U 25219A   26274.58541251  .00000030  00000+0  34624-4 0  9991
2 65815  98.6843 213.3128 0001540  89.6901 270.4452 14.19934934 52488
